      10.00000	     283.97565923
      10.04000	     283.38876720
      10.08000	     286.89189189
      10.12000	     276.24682553
      10.16000	     258.96172281
      10.20000	     271.41199017
      10.24000	     281.85546980
      10.28000	     275.47800760
      10.32000	     270.72143021
      10.36000	     276.40525076
      10.40000	     278.43601896
      10.44000	     272.51184834
      10.48000	     281.40189307
      10.52000	     279.33336923
      10.56000	     276.29665536
      10.60000	     274.10169765
      10.64000	     288.13011633
      10.68000	     280.14108018
      10.72000	     280.91853766
      10.76000	     284.73344103
      10.80000	     265.65950342
      10.84000	     278.67153108
      10.88000	     281.73753853
      10.92000	     282.51477179
      10.96000	     290.67262642
      11.00000	     290.07160933
      11.04000	     294.77878131
      11.08000	     295.78469782
      11.12000	     311.50718863
      11.16000	     313.04277578
      11.20000	     332.46704281
      11.24000	     343.18411309
      11.28000	     396.84996971
      11.32000	     465.69551403
      11.36000	     539.04146473
      11.40000	     632.37274441
      11.44000	     584.60005655
      11.48000	     520.32695493
      11.52000	     431.16918103
      11.56000	     366.27421397
      11.60000	     333.26597966
      11.64000	     320.07759457
      11.68000	     302.35252904
      11.72000	     281.57249481
      11.76000	     287.00010779
      11.80000	     280.80198340
      11.84000	     281.43397955
      11.88000	     265.58689178
      11.92000	     275.26644121
      11.96000	     272.96856685
      12.00000	     272.60844372
      12.04000	     270.04446840
      12.08000	     268.82082654
      12.12000	     277.93495541
      12.16000	     255.84027160
      12.20000	     281.72619609
      12.24000	     269.24320828
      12.28000	     266.01980999
      12.32000	     269.25046492
      12.36000	     269.89880479
      12.40000	     258.74267233
      12.44000	     261.85278025
      12.48000	     263.88851452
      12.52000	     258.35579515
      12.56000	     258.05843036
      12.60000	     256.52431791
      12.64000	     260.32679034
      12.68000	     255.06214781
      12.72000	     269.64353125
      12.76000	     267.34795680
      12.80000	     249.10024667
      12.84000	     251.95130829
      12.88000	     259.25176946
      12.92000	     248.83065766
      12.96000	     257.06351774
      13.00000	     252.38294258
      13.04000	     255.63240707
      13.08000	     265.56665453
      13.12000	     256.55198447
      13.16000	     253.46833668
      13.20000	     254.87498989
      13.24000	     259.01705656
      13.28000	     265.17296233
      13.32000	     263.17916117
      13.36000	     260.11249563
      13.40000	     251.24344670
      13.44000	     256.01762304
      13.48000	     260.99325041
      13.52000	     261.41685790
      13.56000	     253.51621215
      13.60000	     255.42595600
      13.64000	     257.99350318
      13.68000	     258.80584192
      13.72000	     256.81644270
      13.76000	     257.44966443
      13.80000	     243.98431625
      13.84000	     246.80416801
      13.88000	     258.39376847
      13.92000	     263.92489221
      13.96000	     252.38076050
      14.00000	     255.85580746
      14.04000	     247.71960934
      14.08000	     255.83862693
      14.12000	     256.23119897
      14.16000	     256.24832034
      14.20000	     254.78391744
      14.24000	     254.64611581
      14.28000	     246.09222746
      14.32000	     251.32719575
      14.36000	     254.05274619
      14.40000	     249.97310671
      14.44000	     244.50930023
      14.48000	     245.65696768
      14.52000	     230.33481242
      14.56000	     245.25029244
      14.60000	     240.53458105
      14.64000	     238.03440068
      14.68000	     249.36448372
      14.72000	     239.70299427
      14.76000	     244.10910265
      14.80000	     237.93831627
      14.84000	     244.55205811
      14.88000	     233.11497020
      14.92000	     231.54127650
      14.96000	     232.87099942
      15.00000	     240.85361751
      15.04000	     246.08139926
      15.08000	     235.03928533
      15.12000	     221.61522108
      15.16000	     231.32821962
      15.20000	     226.70397976
      15.24000	     234.42651630
      15.28000	     225.30282638
      15.32000	     236.47693778
      15.36000	     236.63382329
      15.40000	     225.22886376
      15.44000	     238.56644722
      15.48000	     233.18747896
      15.52000	     236.06884107
      15.56000	     232.60825645
      15.60000	     248.89224097
      15.64000	     242.40709300
      15.68000	     231.90007142
      15.72000	     245.31199483
      15.76000	     250.62318938
      15.80000	     255.22854679
      15.84000	     266.00547103
      15.88000	     270.64912659
      15.92000	     280.93068399
      15.96000	     304.29682760
      16.00000	     331.20795870
      16.04000	     366.87108296
      16.08000	     390.68501274
      16.12000	     421.42289187
      16.16000	     426.29755920
      16.20000	     430.68586218
      16.24000	     395.08269643
      16.28000	     367.40417155
      16.32000	     323.02424030
      16.36000	     292.55139872
      16.40000	     287.02779950
      16.44000	     267.09632186
      16.48000	     252.84194344
      16.52000	     250.70126227
      16.56000	     247.05676102
      16.60000	     220.65468082
      16.64000	     227.01215318
      16.68000	     225.91173932
      16.72000	     237.69375008
      16.76000	     219.91068658
      16.80000	     227.37080591
      16.84000	     224.80087333
      16.88000	     222.28509073
      16.92000	     217.66051959
      16.96000	     215.68996584
      17.00000	     209.16120717
      17.04000	     215.77810282
      17.08000	     214.97584541
      17.12000	     211.90933126
      17.16000	     216.74361177
      17.20000	     208.59060403
      17.24000	     210.46414861
      17.28000	     213.30290624
      17.32000	     216.82217896
      17.36000	     212.50318822
      17.40000	     206.03197187
      17.44000	     210.62381700
      17.48000	     204.06519346
      17.52000	     211.05770522
      17.56000	     207.57250269
      17.60000	     207.28170981
      17.64000	     208.25500832
      17.68000	     208.55435439
      17.72000	     202.65642417
      17.76000	     208.99090702
      17.80000	     212.00606882
      17.84000	     210.28319749
      17.88000	     204.94775578
      17.92000	     208.31094875
      17.96000	     213.04604804
      18.00000	     202.27526090
      18.04000	     205.78398055
      18.08000	     203.53328407
      18.12000	     211.21083463
      18.16000	     205.34322421
      18.20000	     200.61002647
      18.24000	     201.33055574
      18.28000	     210.47255524
      18.32000	     203.62082174
      18.36000	     203.08047954
      18.40000	     201.88714750
      18.44000	     198.28733515
      18.48000	     213.45807458
      18.52000	     198.03976929
      18.56000	     195.34295932
      18.60000	     195.98618150
      18.64000	     201.06986371
      18.68000	     196.61335842
      18.72000	     199.44628121
      18.76000	     194.90557161
      18.80000	     201.21238189
      18.84000	     206.06223537
      18.88000	     205.82660016
      18.92000	     195.57240211
      18.96000	     205.00067213
      19.00000	     190.87560825
      19.04000	     207.68641368
      19.08000	     199.46772763
      19.12000	     197.74694843
      19.16000	     199.76608816
      19.20000	     193.72966578
      19.24000	     194.15126050
      19.28000	     186.12157074
      19.32000	     191.51626005
      19.36000	     194.29877639
      19.40000	     196.61372531
      19.44000	     202.46999946
      19.48000	     198.40469177
      19.52000	     196.66133089
      19.56000	     191.17706413
      19.60000	     191.84716803
      19.64000	     194.68288351
      19.68000	     185.97265583
      19.72000	     195.54801895
      19.76000	     188.95603139
      19.80000	     193.25751968
      19.84000	     187.79026721
      19.88000	     189.12370440
      19.92000	     188.86974315
      19.96000	     194.79557907
      20.00000	     191.88559579
      20.04000	     190.55955828
      20.08000	     193.74991585
      20.12000	     189.35006868
      20.16000	     196.68067680
      20.20000	     193.67785904
      20.24000	     190.60951971
      20.28000	     190.68879266
      20.32000	     184.36152058
      20.36000	     190.39946291
      20.40000	     191.15970219
      20.44000	     194.57966234
      20.48000	     195.13961535
      20.52000	     196.64127052
      20.56000	     197.59346453
      20.60000	     179.51298048
      20.64000	     195.73120833
      20.68000	     187.38598562
      20.72000	     183.09367958
      20.76000	     180.93539171
      20.80000	     191.15970219
      20.84000	     179.36678294
      20.88000	     189.72989655
      20.92000	     189.85388630
      20.96000	     187.18048492
      21.00000	     185.72693846
      21.04000	     178.21915051
      21.08000	     191.13837398
      21.12000	     181.33741376
      21.16000	     186.86570370
      21.20000	     184.48699199
      21.24000	     192.10646347
      21.28000	     184.87958677
      21.32000	     181.67668527
      21.36000	     177.92925769
      21.40000	     182.67475572
      21.44000	     189.66952133
      21.48000	     184.98382398
      21.52000	     187.27597363
      21.56000	     190.22176878
      21.60000	     186.63981202
      21.64000	     181.18083163
      21.68000	     180.75363253
      21.72000	     182.46509130
      21.76000	     181.13217681
      21.80000	     185.18269838
      21.84000	     189.77906118
      21.88000	     184.15291005
      21.92000	     182.43615406
      21.96000	     183.13000484
      22.00000	     174.41782341
      22.04000	     193.61253309
      22.08000	     180.93165700
      22.12000	     184.29960776
      22.16000	     181.07570791
      22.20000	     174.07422331
      22.24000	     193.70264897
      22.28000	     184.17764881
      22.32000	     179.08723281
      22.36000	     179.88607663
      22.40000	     183.26682521
      22.44000	     185.29965063
      22.48000	     173.02757963
      22.52000	     187.93406859
      22.56000	     180.69213821
      22.60000	     185.69278727
      22.64000	     191.44734190
      22.68000	     180.69942096
      22.72000	     190.53505684
      22.76000	     189.87852075
      22.80000	     188.02247131
      22.84000	     196.69488110
      22.88000	     216.58224617
      22.92000	     207.92451816
      22.96000	     200.22575790
      23.00000	     200.87336245
      23.04000	     200.04567866
      23.08000	     198.43082462
      23.12000	     185.94902525
      23.16000	     195.52772328
      23.20000	     192.91481387
      23.24000	     178.34600199
      23.28000	     182.72135329
      23.32000	     179.43659325
      23.36000	     180.79884117
      23.40000	     189.06605923
      23.44000	     185.50763461
      23.48000	     185.51236749
      23.52000	     181.37281148
      23.56000	     179.65593814
      23.60000	     178.72420062
      23.64000	     182.61787944
      23.68000	     182.09529921
      23.72000	     182.64718074
      23.76000	     174.26775445
      23.80000	     169.06532556
      23.84000	     178.15822912
      23.88000	     176.83016546
      23.92000	     175.77889851
      23.96000	     173.13584608
      24.00000	     181.56760952
      24.04000	     182.32162444
      24.08000	     175.91737903
      24.12000	     178.87723429
      24.16000	     170.88412798
      24.20000	     179.61827770
      24.24000	     192.18672627
      24.28000	     191.13651270
      24.32000	     180.04149655
      24.36000	     177.33818727
      24.40000	     173.63714255
      24.44000	     176.83832880
      24.48000	     176.30050066
      24.52000	     181.64538324
      24.56000	     178.32757651
      24.60000	     166.17790811
      24.64000	     168.18425281
      24.68000	     175.70173559
      24.72000	     176.11292655
      24.76000	     172.91490872
      24.80000	     178.26052018
      24.84000	     176.54071286
      24.88000	     166.23801104
      24.92000	     189.01287324
      24.96000	     186.21225518
      25.00000	     184.06140739
      25.04000	     191.04781554
      25.08000	     189.85476178
      25.12000	     194.95658699
      25.16000	     196.45417633
      25.20000	     202.61849564
      25.24000	     202.93818026
      25.28000	     209.60932788
      25.32000	     210.62934063
      25.36000	     232.45214221
      25.40000	     245.60274560
      25.44000	     264.40696147
      25.48000	     281.07818157
      25.52000	     327.65997398
      25.56000	     369.58038206
      25.60000	     417.62251647
      25.64000	     454.09422623
      25.68000	     459.03310619
      25.72000	     437.12767670
      25.76000	     389.19745633
      25.80000	     342.44920963
      25.84000	     302.85139215
      25.88000	     263.34863494
      25.92000	     250.87585068
      25.96000	     233.68500174
      26.00000	     220.93366621
      26.04000	     203.89809122
      26.08000	     214.53984024
      26.12000	     196.58395102
      26.16000	     200.49418527
      26.20000	     188.67924528
      26.24000	     179.68655574
      26.28000	     196.75786024
      26.32000	     184.92883734
      26.36000	     178.81631665
      26.40000	     181.23638710
      26.44000	     178.71791079
      26.48000	     178.70589501
      26.52000	     175.92430820
      26.56000	     173.56493236
      26.60000	     162.25218933
      26.64000	     175.94992814
      26.68000	     172.54807176
      26.72000	     170.20591157
      26.76000	     173.94805718
      26.80000	     163.80027367
      26.84000	     172.20815074
      26.88000	     175.94129934
      26.92000	     171.01565636
      26.96000	     171.85074147
      27.00000	     172.40456176
      27.04000	     171.35895685
      27.08000	     165.46849271
      27.12000	     176.10585100
      27.16000	     173.17118903
      27.20000	     167.01265653
      27.24000	     162.08975218
      27.28000	     173.09753483
      27.32000	     161.73337443
      27.36000	     166.71133744
      27.40000	     171.56567078
      27.44000	     168.24183927
      27.48000	     165.98734313
      27.52000	     168.96195674
      27.56000	     172.74446426
      27.60000	     164.97887466
      27.64000	     168.08864563
      27.68000	     164.88012986
      27.72000	     171.45386979
      27.76000	     157.52257510
      27.80000	     161.81837699
      27.84000	     157.83963708
      27.88000	     162.93989746
      27.92000	     166.57047367
      27.96000	     160.50675041
      28.00000	     159.18822061
      28.04000	     159.32885906
      28.08000	     167.91044776
      28.12000	     160.94823883
      28.16000	     163.64393014
      28.20000	     161.64979458
      28.24000	     156.02341694
      28.28000	     163.01209834
      28.32000	     160.62746783
      28.36000	     157.84100373
      28.40000	     163.07121941
      28.44000	     161.08662941
      28.48000	     164.97393734
      28.52000	     171.29268882
      28.56000	     167.99720453
      28.60000	     152.01612903
      28.64000	     158.32482125
      28.68000	     163.85509779
      28.72000	     158.00443757
      28.76000	     162.02987804
      28.80000	     169.82882653
      28.84000	     161.24043517
      28.88000	     166.12903226
      28.92000	     163.38595902
      28.96000	     158.57657367
      29.00000	     157.79569892
      29.04000	     165.93217606
      29.08000	     167.86055075
      29.12000	     167.60977970
      29.16000	     163.29547745
      29.20000	     168.81266633
      29.24000	     159.39360544
      29.28000	     166.93997150
      29.32000	     161.87147083
      29.36000	     160.26675272
      29.40000	     154.20812046
      29.44000	     168.23108577
      29.48000	     160.05595233
      29.52000	     168.81666913
      29.56000	     158.85399153
      29.60000	     161.27730550
      29.64000	     160.91923092
      29.68000	     152.44681853
      29.72000	     158.52296430
      29.76000	     158.50376749
      29.80000	     160.30256942
      29.84000	     157.74314248
      29.88000	     160.19169157
      29.92000	     148.75944050
      29.96000	     166.53428291
      30.00000	     154.96465836
      30.04000	     155.65669351
      30.08000	     167.13129436
      30.12000	     161.00371547
      30.16000	     161.19483315
      30.20000	     163.01058493
      30.24000	     152.57837286
      30.28000	     163.10408298
      30.32000	     152.46564486
      30.36000	     159.69806455
      30.40000	     161.55023769
      30.44000	     155.45293454
      30.48000	     154.12681592
      30.52000	     153.81726991
      30.56000	     159.58160118
      30.60000	     155.03460115
      30.64000	     156.68808607
      30.68000	     155.49741732
      30.72000	     157.35039639
      30.76000	     157.91027155
      30.80000	     156.98376493
      30.84000	     153.62116618
      30.88000	     154.33548508
      30.92000	     167.35110181
      30.96000	     155.14279579
      31.00000	     157.00272406
      31.04000	     156.49746329
      31.08000	     151.01279246
      31.12000	     153.42693764
      31.16000	     147.42608556
      31.20000	     162.14765101
      31.24000	     160.59511501
      31.28000	     154.82536826
      31.32000	     155.34788797
      31.36000	     160.44575725
      31.40000	     157.76047261
      31.44000	     156.94164990
      31.48000	     163.69027653
      31.52000	     165.45005636
      31.56000	     166.01575606
      31.60000	     158.91124324
      31.64000	     150.20940722
      31.68000	     163.89261745
      31.72000	     157.35345453
      31.76000	     155.32911783
      31.80000	     161.36394147
      31.84000	     153.97213198
      31.88000	     165.29924400
      31.92000	     166.75841512
      31.96000	     166.77408959
      32.00000	     173.62230100
      32.04000	     178.72968981
      32.08000	     162.22822073
      32.12000	     164.48030936
      32.16000	     181.44944665
      32.20000	     174.02513696
      32.24000	     176.19725498
      32.28000	     177.00303511
      32.32000	     190.57211926
      32.36000	     190.59771659
      32.40000	     191.87646861
      32.44000	     187.10795310
      32.48000	     193.48514958
      32.52000	     207.86614924
      32.56000	     202.67275536
      32.60000	     211.87977804
      32.64000	     225.43764191
      32.68000	     216.85095863
      32.72000	     224.63758380
      32.76000	     220.99818634
      32.80000	     220.98334229
      32.84000	     206.93918138
      32.88000	     215.43671966
      32.92000	     199.95431151
      32.96000	     201.99712393
      33.00000	     201.79884648
      33.04000	     211.30736350
      33.08000	     195.06358723
      33.12000	     207.69199747
      33.16000	     210.42730449
      33.20000	     219.75365025
      33.24000	     239.70349282
      33.28000	     282.17416402
      33.32000	     340.70475833
      33.36000	     417.13611245
      33.40000	     534.24161560
      33.44000	     635.99930301
      33.48000	     609.51589779
      33.52000	     503.82354123
      33.56000	     381.85614477
      33.60000	     302.82755021
      33.64000	     254.24522621
      33.68000	     216.98681480
      33.72000	     196.24116513
      33.76000	     184.54579519
      33.80000	     184.20348059
      33.84000	     180.20912828
      33.88000	     167.76905980
      33.92000	     165.37446940
      33.96000	     177.96644214
      34.00000	     167.02355460
      34.04000	     166.67336038
      34.08000	     164.16711302
      34.12000	     156.78975979
      34.16000	     165.08234034
      34.20000	     162.97288249
      34.24000	     159.72473256
      34.28000	     168.73568760
      34.32000	     164.06835958
      34.36000	     171.47603354
      34.40000	     169.47335986
      34.44000	     179.92551111
      34.48000	     175.38453293
      34.52000	     178.62407204
      34.56000	     171.09476533
      34.60000	     176.88205183
      34.64000	     182.22257952
      34.68000	     186.67917448
      34.72000	     180.82140368
      34.76000	     172.40454740
      34.80000	     177.72654774
      34.84000	     175.19167873
      34.88000	     173.23446991
      34.92000	     157.92366576
      34.96000	     158.45990911
      35.00000	     158.44079247
      35.04000	     157.52570685
      35.08000	     153.22537401
      35.12000	     158.20027082
      35.16000	     157.38953239
      35.20000	     164.27077187
      35.24000	     161.60180243
      35.28000	     151.12911012
      35.32000	     150.20451955
      35.36000	     148.72530744
      35.40000	     156.63345358
      35.44000	     159.75212265
      35.48000	     151.56392510
      35.52000	     142.43753269
      35.56000	     151.41761219
      35.60000	     150.11268513
      35.64000	     162.03455306
      35.68000	     149.44594993
      35.72000	     147.45542123
      35.76000	     146.21844230
      35.80000	     143.02773343
      35.84000	     155.63158248
      35.88000	     151.64731933
      35.92000	     167.08045360
      35.96000	     148.67494129
      36.00000	     160.85970726
      36.04000	     162.65399791
      36.08000	     153.62734969
      36.12000	     153.81105131
      36.16000	     161.45700519
      36.20000	     158.37225533
      36.24000	     159.59731544
      36.28000	     160.55630882
      36.32000	     161.22103794
      36.36000	     162.56997490
      36.40000	     170.94934586
      36.44000	     181.72552070
      36.48000	     172.99137053
      36.52000	     184.92233530
      36.56000	     192.09145427
      36.60000	     197.88600482
      36.64000	     196.06531944
      36.68000	     196.21218201
      36.72000	     185.39573831
      36.76000	     171.08765734
      36.80000	     168.70242284
      36.84000	     161.65941787
      36.88000	     171.15863287
      36.92000	     173.74775788
      36.96000	     161.98342682
      37.00000	     173.35778638
      37.04000	     182.06157965
      37.08000	     181.24380906
      37.12000	     204.23185535
      37.16000	     213.79134928
      37.20000	     223.71873829
      37.24000	     246.48877345
      37.28000	     254.94764468
      37.32000	     268.60555422
      37.36000	     268.35212512
      37.40000	     277.58064300
      37.44000	     246.42747131
      37.48000	     225.42493202
      37.52000	     212.96829585
      37.56000	     192.63228399
      37.60000	     192.54475292
      37.64000	     172.59168933
      37.68000	     167.08874328
      37.72000	     151.82376116
      37.76000	     156.40915670
      37.80000	     160.59196504
      37.84000	     160.46651920
      37.88000	     151.23278856
      37.92000	     150.42835883
      37.96000	     150.07242101
      38.00000	     158.26180258
      38.04000	     158.17859826
      38.08000	     148.23261117
      38.12000	     149.18364883
      38.16000	     142.09615307
      38.20000	     149.07148991
      38.24000	     156.62327204
      38.28000	     146.03438788
      38.32000	     140.95851792
      38.36000	     148.19388700
      38.40000	     145.93150483
      38.44000	     143.82595850
      38.48000	     149.86101599
      38.52000	     136.86486777
      38.56000	     150.18605338
      38.60000	     147.49341787
      38.64000	     151.01031814
      38.68000	     145.80981562
      38.72000	     145.91871011
      38.76000	     147.28411320
      38.80000	     144.04342802
      38.84000	     150.80645161
      38.88000	     150.56394262
      38.92000	     147.19918267
      38.96000	     139.00091413
      39.00000	     143.85007327
      39.04000	     144.83593330
      39.08000	     143.23564617
      39.12000	     146.15829778
      39.16000	     147.07861237
      39.20000	     148.18304172
      39.24000	     150.36075813
      39.28000	     145.85269282
      39.32000	     151.62532655
      39.36000	     148.01546149
      39.40000	     143.82482460
      39.44000	     145.19080682
      39.48000	     146.71669289
      39.52000	     148.26265206
      39.56000	     152.28085267
      39.60000	     147.14379779
      39.64000	     150.33856406
      39.68000	     142.92046691
      39.72000	     139.04375512
      39.76000	     139.92023741
      39.80000	     147.07263724
      39.84000	     143.63499812
      39.88000	     140.43512085
      39.92000	     145.68186086
      39.96000	     140.33675454
      40.00000	     149.03949345
      40.04000	     144.50362936
      40.08000	     141.04353427
      40.12000	     145.34766679
      40.16000	     145.51702845
      40.20000	     135.32926093
      40.24000	     144.47801276
      40.28000	     147.30170666
      40.32000	     140.06016007
      40.36000	     145.55219872
      40.40000	     146.09713848
      40.44000	     147.22080434
      40.48000	     145.34415131
      40.52000	     145.63824213
      40.56000	     146.28642048
      40.60000	     143.49245590
      40.64000	     149.96976416
      40.68000	     150.77807939
      40.72000	     140.16744836
      40.76000	     142.18710102
      40.80000	     149.72514549
      40.84000	     154.74381899
      40.88000	     149.50456446
      40.92000	     153.15521252
      40.96000	     153.71580731
      41.00000	     155.18678895
      41.04000	     155.45156258
      41.08000	     152.93358082
      41.12000	     153.04338471
      41.16000	     153.75095842
      41.20000	     146.75024212
      41.24000	     152.39965565
      41.28000	     152.40580568
      41.32000	     145.27063381
      41.36000	     145.59057025
      41.40000	     145.84790915
      41.44000	     149.75578908
      41.48000	     145.20252994
      41.52000	     147.37947186
      41.56000	     149.91858102
      41.60000	     152.72414118
      41.64000	     147.21911965
      41.68000	     154.98145062
      41.72000	     159.67956559
      41.76000	     157.81903238
      41.80000	     151.53756168
      41.84000	     163.20275321
      41.88000	     157.96407830
      41.92000	     154.65095951
      41.96000	     157.47290283
      42.00000	     166.79669635
      42.04000	     153.22938668
      42.08000	     159.29822673
      42.12000	     154.30977654
      42.16000	     157.14343375
      42.20000	     168.46297717
      42.24000	     151.10130380
      42.28000	     152.31841546
      42.32000	     160.70419123
      42.36000	     158.71092803
      42.40000	     151.42337977
      42.44000	     142.54563075
      42.48000	     154.01392049
      42.52000	     149.29793622
      42.56000	     142.02633209
      42.60000	     143.48979015
      42.64000	     139.19147906
      42.68000	     143.12207708
      42.72000	     140.57465091
      42.76000	     141.92769468
      42.80000	     140.49575697
      42.84000	     138.01605274
      42.88000	     143.24766167
      42.92000	     141.11120045
      42.96000	     143.53297506
      43.00000	     136.99548263
      43.04000	     138.45143478
      43.08000	     145.72217605
      43.12000	     140.88094153
      43.16000	     150.29227222
      43.20000	     145.76907604
      43.24000	     151.38918687
      43.28000	     146.14590456
      43.32000	     145.62130416
      43.36000	     139.73635157
      43.40000	     152.62261443
      43.44000	     146.97008301
      43.48000	     147.77070064
      43.52000	     149.25973608
      43.56000	     156.74443551
      43.60000	     154.33919760
      43.64000	     155.72187349
      43.68000	     154.78298192
      43.72000	     156.25838296
      43.76000	     161.50234742
      43.80000	     167.83160493
      43.84000	     170.90348112
      43.88000	     176.51871823
      43.92000	     176.53529364
      43.96000	     189.29433861
      44.00000	     201.00367657
      44.04000	     211.48401122
      44.08000	     212.04922763
      44.12000	     240.74397134
      44.16000	     254.80014491
      44.20000	     260.89057090
      44.24000	     284.12600371
      44.28000	     291.39250705
      44.32000	     293.65558912
      44.36000	     279.23281489
      44.40000	     259.68794479
      44.44000	     239.01600602
      44.48000	     225.63661760
      44.52000	     215.70365595
      44.56000	     198.23256064
      44.60000	     186.70248489
      44.64000	     181.84992680
      44.68000	     168.84268214
      44.72000	     172.39757595
      44.76000	     161.50921086
      44.80000	     159.79464574
      44.84000	     154.66272507
      44.88000	     157.33537560
      44.92000	     146.75052411
      44.96000	     150.79226417
      45.00000	     138.02835831
      45.04000	     150.55382299
      45.08000	     145.19251452
      45.12000	     146.68118689
      45.16000	     150.84902997
      45.20000	     147.05882353
      45.24000	     153.43239427
      45.28000	     151.82894029
      45.32000	     150.59228483
      45.36000	     152.24671499
      45.40000	     147.80842737
      45.44000	     146.08555287
      45.48000	     140.63487368
      45.52000	     141.88590009
      45.56000	     139.58982068
      45.60000	     148.87339056
      45.64000	     144.04588029
      45.68000	     146.71628604
      45.72000	     137.20450834
      45.76000	     139.78149100
      45.80000	     144.03319724
      45.84000	     149.23774979
      45.88000	     144.31250753
      45.92000	     144.75481400
      45.96000	     146.62560257
      46.00000	     151.31429184
      46.04000	     142.35590315
      46.08000	     143.19777099
      46.12000	     144.93918448
      46.16000	     151.36496370
      46.20000	     147.21641751
      46.24000	     139.61839425
      46.28000	     144.56443099
      46.32000	     139.50122616
      46.36000	     146.99576566
      46.40000	     145.41117187
      46.44000	     138.82375012
      46.48000	     147.26968174
      46.52000	     146.91689008
      46.56000	     140.59400633
      46.60000	     147.31903485
      46.64000	     149.03569083
      46.68000	     159.87885123
      46.72000	     147.29139304
      46.76000	     157.91308078
      46.80000	     148.89967030
      46.84000	     149.15972017
      46.88000	     149.43976840
      46.92000	     153.99667614
      46.96000	     148.09553167
      47.00000	     143.28222175
      47.04000	     147.58119647
      47.08000	     135.25469169
      47.12000	     144.90616622
      47.16000	     140.35416974
      47.20000	     147.73702274
      47.24000	     138.79390111
      47.28000	     148.82748079
      47.32000	     141.88582081
      47.36000	     148.86340777
      47.40000	     141.62140414
      47.44000	     150.35476213
      47.48000	     145.67013628
      47.52000	     142.17691637
      47.56000	     150.92567749
      47.60000	     148.12827050
      47.64000	     147.47916639
      47.68000	     146.53390945
      47.72000	     146.80425652
      47.76000	     149.61422341
      47.80000	     147.59157386
      47.84000	     149.63630996
      47.88000	     138.10597520
      47.92000	     144.27206356
      47.96000	     150.69982152
      48.00000	     147.11409396
      48.04000	     152.86743883
      48.08000	     142.53694284
      48.12000	     149.95905326
      48.16000	     147.92740550
      48.20000	     145.39254645
      48.24000	     151.96262686
      48.28000	     148.47431233
      48.32000	     150.77670815
      48.36000	     149.87309133
      48.40000	     157.27831950
      48.44000	     141.83063595
      48.48000	     148.83271096
      48.52000	     157.58292247
      48.56000	     150.63357476
      48.60000	     155.17936316
      48.64000	     151.59049065
      48.68000	     151.58234227
      48.72000	     150.41131244
      48.76000	     145.32462997
      48.80000	     148.64302867
      48.84000	     158.99188954
      48.88000	     154.82281092
      48.92000	     156.40260626
      48.96000	     153.23723692
      49.00000	     148.69888476
      49.04000	     156.19358376
      49.08000	     149.90238293
      49.12000	     150.43123621
      49.16000	     154.16087282
      49.20000	     159.69185090
      49.24000	     169.72955622
      49.28000	     167.36009846
      49.32000	     159.33536683
      49.36000	     164.76382959
      49.40000	     176.39495326
      49.44000	     169.42115555
      49.48000	     168.09536566
      49.52000	     180.92215392
      49.56000	     173.05116528
      49.60000	     172.01880953
      49.64000	     176.70542843
      49.68000	     178.32500435
      49.72000	     186.90712257
      49.76000	     188.39608736
      49.80000	     194.43365002
      49.84000	     188.45669249
      49.88000	     191.95195839
      49.92000	     189.96165911
      49.96000	     201.00839435
      50.00000	     189.39546363
      50.04000	     187.48742708
      50.08000	     181.47189399
      50.12000	     185.89554441
      50.16000	     185.36650795
      50.20000	     179.87927565
      50.24000	     172.62886805
      50.28000	     178.79897523
      50.32000	     175.74220899
      50.36000	     178.43726521
      50.40000	     168.53178756
      50.44000	     174.17909046
      50.48000	     172.05513280
      50.52000	     178.42758176
      50.56000	     166.17895782
      50.60000	     162.02864699
      50.64000	     156.10319186
      50.68000	     153.83995812
      50.72000	     152.25972770
      50.76000	     156.53528085
      50.80000	     154.25510492
      50.84000	     148.22373191
      50.88000	     149.33190089
      50.92000	     155.54063130
      50.96000	     144.40578698
      51.00000	     148.69239345
      51.04000	     141.71345673
      51.08000	     150.99206083
      51.12000	     135.83597571
      51.16000	     149.38004594
      51.20000	     143.75344269
      51.24000	     145.09693281
      51.28000	     144.98401010
      51.32000	     155.99596910
      51.36000	     136.52977854
      51.40000	     146.88885902
      51.44000	     146.78208506
      51.48000	     141.56270166
      51.52000	     143.05497667
      51.56000	     152.61940620
      51.60000	     144.43249059
      51.64000	     140.43961366
      51.68000	     144.15771284
      51.72000	     147.85416386
      51.76000	     140.98148945
      51.80000	     142.07488530
      51.84000	     145.99424096
      51.88000	     141.83633648
      51.92000	     146.79960710
      51.96000	     144.41259202
      52.00000	     147.66853328
      52.04000	     149.33211246
      52.08000	     150.00538619
      52.12000	     151.41522766
      52.16000	     149.69939071
      52.20000	     147.67138749
      52.24000	     147.99296295
      52.28000	     149.72874255
      52.32000	     151.57414244
      52.36000	     154.54374715
      52.40000	     149.74996984
      52.44000	     151.10074277
      52.48000	     158.09799662
      52.52000	     163.10325402
      52.56000	     157.46341725
      52.60000	     150.93377697
      52.64000	     159.55448202
      52.68000	     155.15112471
      52.72000	     163.06317188
      52.76000	     162.11718603
      52.80000	     171.37259112
      52.84000	     178.93097801
      52.88000	     179.21387532
      52.92000	     182.86051851
      52.96000	     187.14172562
      53.00000	     204.44874015
      53.04000	     209.37978458
      53.08000	     221.66429473
      53.12000	     236.44883655
      53.16000	     258.80709671
      53.20000	     277.93449934
      53.24000	     294.58780544
      53.28000	     305.72906172
      53.32000	     318.42427011
      53.36000	     301.36912680
      53.40000	     275.86670250
      53.44000	     266.05751142
      53.48000	     241.78807591
      53.52000	     222.78991597
      53.56000	     199.65044367
      53.60000	     191.97676920
      53.64000	     185.96208148
      53.68000	     183.05805133
      53.72000	     176.30209384
      53.76000	     163.66766185
      53.80000	     163.14508211
      53.84000	     154.54141952
      53.88000	     155.52685394
      53.92000	     158.23679005
      53.96000	     159.57804658
      54.00000	     163.66964574
      54.04000	     149.22159878
      54.08000	     149.23766333
      54.12000	     143.04168797
      54.16000	     144.67787303
      54.20000	     142.26876279
      54.24000	     147.93178178
      54.28000	     143.51683563
      54.32000	     140.41464728
      54.36000	     146.62717113
      54.40000	     152.04363343
      54.44000	     146.51422723
      54.48000	     149.22558923
      54.52000	     141.47451170
      54.56000	     132.62242329
      54.60000	     144.91777667
      54.64000	     146.24489961
      54.68000	     140.85834714
      54.72000	     139.39018478
      54.76000	     143.68048262
      54.80000	     136.96231853
      54.84000	     142.21647610
      54.88000	     150.58050265
      54.92000	     140.08809386
      54.96000	     144.95291724
      55.00000	     144.26962660
      55.04000	     138.61386139
      55.08000	     142.13922908
      55.12000	     143.22671050
      55.16000	     138.52393850
      55.20000	     144.18736272
      55.24000	     139.51419405
      55.28000	     145.61928647
      55.32000	     138.73720827
      55.36000	     138.77847990
      55.40000	     143.81901427
      55.44000	     146.63940160
      55.48000	     144.11701441
      55.52000	     144.50905868
      55.56000	     148.53876499
      55.60000	     139.09754265
      55.64000	     138.06335619
      55.68000	     140.33863740
      55.72000	     139.28772711
      55.76000	     139.41069128
      55.80000	     143.83083776
      55.84000	     145.31646249
      55.88000	     130.57247913
      55.92000	     141.85253778
      55.96000	     135.73567123
      56.00000	     139.62542794
      56.04000	     136.54305738
      56.08000	     141.89824137
      56.12000	     141.39162661
      56.16000	     140.03195360
      56.20000	     137.35230934
      56.24000	     140.44604375
      56.28000	     145.00731750
      56.32000	     142.60393168
      56.36000	     140.04699564
      56.40000	     141.67539548
      56.44000	     146.26677233
      56.48000	     140.37585804
      56.52000	     138.22099240
      56.56000	     142.26413574
      56.60000	     134.75386930
      56.64000	     138.00053749
      56.68000	     142.81683707
      56.72000	     139.60362781
      56.76000	     147.95006517
      56.80000	     140.71067627
      56.84000	     141.11575524
      56.88000	     138.31202871
      56.92000	     138.08589023
      56.96000	     144.31741762
      57.00000	     138.55259618
      57.04000	     137.24434876
      57.08000	     143.79682813
      57.12000	     131.60373550
      57.16000	     146.92823121
      57.20000	     140.31264294
      57.24000	     143.02629100
      57.28000	     138.06653030
      57.32000	     144.38150087
      57.36000	     143.98557453
      57.40000	     158.37986947
      57.44000	     154.48795586
      57.48000	     152.21458084
      57.52000	     164.72868217
      57.56000	     174.42329951
      57.60000	     201.21401365
      57.64000	     228.53912622
      57.68000	     244.26022125
      57.72000	     230.80857020
      57.76000	     209.57277842
      57.80000	     182.29552339
      57.84000	     172.68297935
      57.88000	     168.03328352
      57.92000	     151.64574692
      57.96000	     161.89206298
      58.00000	     156.65409483
      58.04000	     153.98087027
      58.08000	     154.54055511
      58.12000	     161.92695774
      58.16000	     151.86223252
      58.20000	     154.15919902
      58.24000	     157.49410576
      58.28000	     160.61875952
      58.32000	     156.06679335
      58.36000	     153.92702619
      58.40000	     147.59401537
      58.44000	     157.82734686
      58.48000	     158.10543058
      58.52000	     157.15768334
      58.56000	     162.97534476
      58.60000	     157.46333046
      58.64000	     166.78576725
      58.68000	     158.23381945
      58.72000	     153.53121801
      58.76000	     159.03342124
      58.80000	     156.98713727
      58.84000	     168.17559036
      58.88000	     166.69350942
      58.92000	     170.35775128
      58.96000	     161.78364456
      59.00000	     173.74854091
      59.04000	     166.35363563
      59.08000	     170.77620670
      59.12000	     169.42104416
      59.16000	     159.90984948
      59.20000	     156.17662449
      59.24000	     157.00483092
      59.28000	     149.48004025
      59.32000	     157.92934104
      59.36000	     152.46889554
      59.40000	     154.48212920
      59.44000	     153.28447558
      59.48000	     149.52418023
      59.52000	     159.96993854
      59.56000	     160.52829378
      59.60000	     145.08898612
      59.64000	     157.32085138
      59.68000	     156.41558790
      59.72000	     150.23071145
      59.76000	     159.52665262
      59.80000	     154.03606698
      59.84000	     149.99060882
      59.88000	     155.90409617
      59.92000	     154.87230416
      59.96000	     143.04308737
      60.00000	     150.72813905
      60.04000	     148.05369128
      60.08000	     162.26663267
      60.12000	     153.57766143
      60.16000	     162.00472458
      60.20000	     155.18861592
      60.24000	     165.82745888
      60.28000	     166.65323772
      60.32000	     182.36510622
      60.36000	     169.61671725
      60.40000	     162.77195810
      60.44000	     171.54064183
      60.48000	     170.33395126
      60.52000	     159.73668301
      60.56000	     172.65007793
      60.60000	     170.92179522
      60.64000	     168.09093841
      60.68000	     165.84684031
      60.72000	     165.85352741
      60.76000	     175.41029880
      60.80000	     181.35132955
      60.84000	     183.14821289
      60.88000	     180.73261255
      60.92000	     189.64867918
      60.96000	     186.00209807
      61.00000	     195.43492004
      61.04000	     207.45045809
      61.08000	     201.02260495
      61.12000	     200.76160233
      61.16000	     211.11694183
      61.20000	     196.62203082
      61.24000	     211.16808657
      61.28000	     211.74063455
      61.32000	     218.05553686
      61.36000	     225.33012074
      61.40000	     230.62320772
      61.44000	     225.47990200
      61.48000	     217.47327031
      61.52000	     208.88607561
      61.56000	     195.70077849
      61.60000	     199.58251970
      61.64000	     192.06939281
      61.68000	     178.37415461
      61.72000	     181.76673494
      61.76000	     176.91126142
      61.80000	     165.90296496
      61.84000	     160.90126268
      61.88000	     158.36433231
      61.92000	     154.30394916
      61.96000	     153.61003783
      62.00000	     148.30166335
      62.04000	     151.23178558
      62.08000	     153.01869033
      62.12000	     160.02042242
      62.16000	     144.17268505
      62.20000	     145.54771550
      62.24000	     143.67931742
      62.28000	     141.38541611
      62.32000	     142.63287131
      62.36000	     145.32231228
      62.40000	     140.25339561
      62.44000	     139.04547163
      62.48000	     142.14574301
      62.52000	     142.91273601
      62.56000	     142.25514668
      62.60000	     147.10817014
      62.64000	     142.55990335
      62.68000	     142.16291682
      62.72000	     135.32199385
      62.76000	     146.98973085
      62.80000	     137.63377331
      62.84000	     137.12060167
      62.88000	     146.79022294
      62.92000	     150.28203062
      62.96000	     150.25781502
      63.00000	     151.62503358
      63.04000	     143.70903621
      63.08000	     138.36089357
      63.12000	     150.60119567
      63.16000	     144.57119056
      63.20000	     138.93367731
      63.24000	     145.10473068
      63.28000	     144.85158759
      63.32000	     147.39670810
      63.36000	     146.05699851
      63.40000	     142.30045687
      63.44000	     141.90115295
      63.48000	     143.24876371
      63.52000	     137.90322581
      63.56000	     144.79114852
      63.60000	     142.79951593
      63.64000	     141.43967302
      63.68000	     141.85255402
      63.72000	     152.21600688
      63.76000	     148.20792146
      63.80000	     149.68731087
      63.84000	     152.09790210
      63.88000	     157.20817644
      63.92000	     162.85637439
      63.96000	     156.53998225
      64.00000	     172.97733540
      64.04000	     173.67089970
      64.08000	     185.79058535
      64.12000	     190.79398824
      64.16000	     188.42783887
      64.20000	     191.06309119
      64.24000	     183.44796027
      64.28000	     176.59568740
      64.32000	     170.68935345
      64.36000	     168.68832375
      64.40000	     158.08679962
      64.44000	     155.66927013
      64.48000	     160.65825444
      64.52000	     157.42623591
      64.56000	     155.81862012
      64.60000	     154.34967069
      64.64000	     160.92325509
      64.68000	     161.21646374
      64.72000	     158.25342097
      64.76000	     154.07199903
      64.80000	     154.18175942
      64.84000	     145.03097226
      64.88000	     155.83540979
      64.92000	     157.31699104
      64.96000	     149.64776875
      65.00000	     145.36097752
      65.04000	     151.15793444
      65.08000	     141.47702009
      65.12000	     146.48016386
      65.16000	     142.99178672
      65.20000	     153.58545376
      65.24000	     145.33048582
      65.28000	     143.59139525
      65.32000	     145.49501830
      65.36000	     138.66909852
      65.40000	     140.69206009
      65.44000	     150.10664413
      65.48000	     139.53363566
      65.52000	     135.91477486
      65.56000	     148.13423323
      65.60000	     141.83730979
      65.64000	     136.45511874
      65.68000	     134.61461032
      65.72000	     145.48187516
      65.76000	     143.70245139
      65.80000	     135.40170963
      65.84000	     148.43844368
      65.88000	     138.09856131
      65.92000	     139.61418158
      65.96000	     145.24464729
      66.00000	     143.50341643
      66.04000	     139.61605585
      66.08000	     138.53464709
      66.12000	     141.21942707
      66.16000	     140.70702595
      66.20000	     140.98690836
      66.24000	     141.02288600
      66.28000	     138.59790492
      66.32000	     145.06574971
      66.36000	     136.73055485
      66.40000	     135.65969564
      66.44000	     147.34523378
      66.48000	     140.51207652
      66.52000	     141.43150713
      66.56000	     144.79905437
      66.60000	     148.85870514
      66.64000	     135.97581458
      66.68000	     144.05891365
      66.72000	     142.70357431
      66.76000	     139.05870024
      66.80000	     139.48800645
      66.84000	     142.59411077
      66.88000	     139.64678369
      66.92000	     139.79809928
      66.96000	     136.84451076
      67.00000	     144.66448863
      67.04000	     143.47954710
      67.08000	     133.80130171
      67.12000	     137.45057428
      67.16000	     140.28810846
      67.20000	     136.66200366
      67.24000	     135.58957252
      67.28000	     145.14588574
      67.32000	     137.78997793
      67.36000	     141.12930350
      67.40000	     143.44345018
      67.44000	     138.73376842
      67.48000	     147.47436691
      67.52000	     134.46758106
      67.56000	     140.77872438
      67.60000	     148.31763122
      67.64000	     141.99192463
      67.68000	     146.84702874
      67.72000	     146.57980456
      67.76000	     155.48017123
      67.80000	     161.93732501
      67.84000	     162.61475917
      67.88000	     158.57204394
      67.92000	     156.41405304
      67.96000	     159.27297206
      68.00000	     152.98015029
      68.04000	     149.59537884
      68.08000	     153.75294514
      68.12000	     151.21117051
      68.16000	     144.21717410
      68.20000	     143.54582424
      68.24000	     142.98408595
      68.28000	     144.06893766
      68.32000	     144.88265313
      68.36000	     145.93729404
      68.40000	     143.51497577
      68.44000	     141.16984623
      68.48000	     143.88874747
      68.52000	     148.99774895
      68.56000	     142.70209430
      68.60000	     149.54573473
      68.64000	     146.76120143
      68.68000	     153.60694850
      68.72000	     155.09175480
      68.76000	     152.70962379
      68.80000	     151.11492511
      68.84000	     156.35476171
      68.88000	     156.49934960
      68.92000	     162.28758433
      68.96000	     153.83171052
      69.00000	     158.30426617
      69.04000	     168.61619359
      69.08000	     167.66595576
      69.12000	     167.67720127
      69.16000	     164.36554898
      69.20000	     155.65873165
      69.24000	     146.57521376
      69.28000	     148.58860955
      69.32000	     146.04026846
      69.36000	     147.50291919
      69.40000	     139.49491830
      69.44000	     145.27194855
      69.48000	     140.83939744
      69.52000	     145.81878726
      69.56000	     145.69625352
      69.60000	     142.88783842
      69.64000	     143.40960361
      69.68000	     147.99892560
      69.72000	     140.61429780
      69.76000	     135.31490614
      69.80000	     145.93243570
      69.84000	     150.40929070
      69.88000	     143.14323732
      69.92000	     142.90515561
      69.96000	     138.06918247
      70.00000	     137.29761713
      70.04000	     137.43948359
      70.08000	     144.41889548
      70.12000	     142.00419558
      70.16000	     139.74445192
      70.20000	     146.22203689
      70.24000	     145.70552147
      70.28000	     147.73751699
      70.32000	     148.01259453
      70.36000	     146.28894422
      70.40000	     147.51605045
      70.44000	     138.63651659
      70.48000	     140.13973587
      70.52000	     144.86119712
      70.56000	     140.13407641
      70.60000	     142.99948833
      70.64000	     154.05747529
      70.68000	     138.13902764
      70.72000	     136.80922116
      70.76000	     142.06840830
      70.80000	     133.96884383
      70.84000	     145.31399405
      70.88000	     144.65425747
      70.92000	     142.36073699
      70.96000	     143.20934431
      71.00000	     136.08741932
      71.04000	     139.83564597
      71.08000	     141.74268045
      71.12000	     144.85137575
      71.16000	     137.03244583
      71.20000	     135.55759176
      71.24000	     136.40284667
      71.28000	     137.60664178
      71.32000	     142.11172085
      71.36000	     140.76910630
      71.40000	     140.87355082
      71.44000	     133.45915341
      71.48000	     130.64052957
      71.52000	     139.01248551
      71.56000	     134.68512801
      71.60000	     134.16574526
      71.64000	     132.86392576
      71.68000	     144.14657147
      71.72000	     139.87047537
      71.76000	     132.98835011
      71.80000	     132.42725213
      71.84000	     142.62352216
      71.88000	     135.52642162
      71.92000	     137.79976140
      71.96000	     138.75854672
      72.00000	     130.97743756
      72.04000	     140.49764050
      72.08000	     134.62054170
      72.12000	     144.67297739
      72.16000	     138.27047905
      72.20000	     142.94909618
      72.24000	     136.51602521
      72.28000	     136.65745782
      72.32000	     133.81962509
      72.36000	     136.40570302
      72.40000	     129.19584641
      72.44000	     134.74701382
      72.48000	     141.31951900
      72.52000	     141.55563606
      72.56000	     144.12818551
      72.60000	     142.54268227
      72.64000	     141.04731997
      72.68000	     146.97986577
      72.72000	     140.54257218
      72.76000	     135.48352445
      72.80000	     146.21571181
      72.84000	     147.45182300
      72.88000	     138.46174507
      72.92000	     145.86775194
      72.96000	     148.00488873
      73.00000	     142.22974334
      73.04000	     144.80683467
      73.08000	     138.62955550
      73.12000	     143.21219856
      73.16000	     152.88506751
      73.20000	     147.54693148
      73.24000	     154.80333795
      73.28000	     153.59393687
      73.32000	     154.81165925
      73.36000	     148.60997272
      73.40000	     149.27779644
      73.44000	     149.43625442
      73.48000	     152.66354889
      73.52000	     145.28788775
      73.56000	     147.83356628
      73.60000	     146.37687004
      73.64000	     145.03272981
      73.68000	     154.08817716
      73.72000	     153.93923098
      73.76000	     147.75675930
      73.80000	     153.83580986
      73.84000	     149.69335055
      73.88000	     148.30451502
      73.92000	     138.08960361
      73.96000	     142.01565400
      74.00000	     150.89772040
      74.04000	     146.19843714
      74.08000	     144.34459750
      74.12000	     148.54082855
      74.16000	     153.09279737
      74.20000	     144.10074943
      74.24000	     146.53444030
      74.28000	     132.84520236
      74.32000	     148.17307045
      74.36000	     139.18989864
      74.40000	     143.08212079
      74.44000	     153.45888244
      74.48000	     142.04162964
      74.52000	     140.28757607
      74.56000	     141.64916249
      74.60000	     146.35985404
      74.64000	     143.26686146
      74.68000	     146.30203422
      74.72000	     140.88870331
      74.76000	     140.52247955
      74.80000	     140.82419211
      74.84000	     139.20332040
      74.88000	     134.90929675
      74.92000	     135.05135186
      74.96000	     146.11133576
      75.00000	     136.40284667
      75.04000	     136.67425968
      75.08000	     138.58743276
      75.12000	     142.39290193
      75.16000	     141.70722828
      75.20000	     141.18884514
      75.24000	     149.68848612
      75.28000	     144.30403647
      75.32000	     143.24058213
      75.36000	     140.82987104
      75.40000	     151.51310730
      75.44000	     147.21757435
      75.48000	     149.26178844
      75.52000	     140.66824165
      75.56000	     145.50460945
      75.60000	     139.82616207
      75.64000	     147.39825876
      75.68000	     138.93764684
      75.72000	     149.08241395
      75.76000	     153.51202601
      75.80000	     146.71440493
      75.84000	     152.54055215
      75.88000	     145.30831099
      75.92000	     146.62324260
      75.96000	     150.91203946
      76.00000	     143.16353887
      76.04000	     147.17906787
      76.08000	     150.17028237
      76.12000	     146.68025314
      76.16000	     144.68267696
      76.20000	     150.85282128
      76.24000	     142.82265851
      76.28000	     143.78839499
      76.32000	     139.47188435
      76.36000	     146.47297895
      76.40000	     139.09194554
      76.44000	     135.22759287
      76.48000	     149.98256017
      76.52000	     142.88014167
      76.56000	     147.57969303
      76.60000	     144.55405677
      76.64000	     144.01911307
      76.68000	     144.58122458
      76.72000	     142.04774308
      76.76000	     143.40575234
      76.80000	     143.26570619
      76.84000	     138.17459145
      76.88000	     143.57087217
      76.92000	     140.35888895
      76.96000	     143.71482680
      77.00000	     140.00107486
      77.04000	     142.91278828
      77.08000	     141.04940759
      77.12000	     139.42430389
      77.16000	     144.80877987
      77.20000	     140.12978463
      77.24000	     139.86483763
      77.28000	     143.25453886
      77.32000	     141.13662025
      77.36000	     138.59389703
      77.40000	     146.93822679
      77.44000	     142.10045171
      77.48000	     147.09045929
      77.52000	     144.57863733
      77.56000	     145.39340955
      77.60000	     141.69713917
      77.64000	     147.92103706
      77.68000	     142.55550923
      77.72000	     140.82423199
      77.76000	     135.05151866
      77.80000	     146.23580692
      77.84000	     148.11725613
      77.88000	     144.89438988
      77.92000	     144.26635445
      77.96000	     139.58058524
      78.00000	     134.20560244
      78.04000	     146.97569248
      78.08000	     139.74151858
      78.12000	     142.57825648
      78.16000	     138.28111325
      78.20000	     147.75405751
      78.24000	     140.71041930
      78.28000	     141.68540990
      78.32000	     148.57219828
      78.36000	     138.87766373
      78.40000	     144.70493129
      78.44000	     136.36241140
      78.48000	     148.22001240
      78.52000	     140.28515214
      78.56000	     146.23035661
      78.60000	     144.99979786
      78.64000	     141.63466074
      78.68000	     147.31252359
      78.72000	     152.33216500
      78.76000	     153.94777638
      78.80000	     152.23429789
      78.84000	     150.36681411
      78.88000	     156.14676178
      78.92000	     146.73751787
      78.96000	     150.81409936
      79.00000	     155.82418175
      79.04000	     152.57186796
      79.08000	     146.25919180
      79.12000	     150.31303972
      79.16000	     146.80681680
      79.20000	     153.70705244
      79.24000	     152.77271684
      79.28000	     154.42139222
      79.32000	     157.65461761
      79.36000	     152.67690812
      79.40000	     158.23083881
      79.44000	     159.32381891
      79.48000	     161.06603302
      79.52000	     167.40242734
      79.56000	     158.38723180
      79.60000	     161.61261578
      79.64000	     160.42564109
      79.68000	     164.37061048
      79.72000	     167.98325569
      79.76000	     166.89847010
      79.80000	     164.76689536
      79.84000	     162.19209162
      79.88000	     169.76850976
      79.92000	     163.44283553
      79.96000	     156.97187475
      80.00000	     158.61863972
      80.04000	     147.55161604
      80.08000	     158.65508061
      80.12000	     148.01409915
      80.16000	     134.89245061
      80.20000	     145.16826014
      80.24000	     152.76352045
      80.28000	     145.71629213
      80.32000	     139.67121881
      80.36000	     144.39896800
      80.40000	     141.97906113
      80.44000	     142.95925661
      80.48000	     142.41102676
      80.52000	     142.62669714
      80.56000	     144.99180306
      80.60000	     137.61961079
      80.64000	     138.39621627
      80.68000	     138.28228938
      80.72000	     141.89924616
      80.76000	     145.38711671
      80.80000	     139.50675358
      80.84000	     144.51061313
      80.88000	     139.80561642
      80.92000	     142.22532901
      80.96000	     132.42985251
      81.00000	     134.56833275
      81.04000	     147.75278633
      81.08000	     147.73888262
      81.12000	     141.98701142
      81.16000	     143.08960583
      81.20000	     140.41505830
      81.24000	     142.73990663
      81.28000	     135.16966820
      81.32000	     144.92753623
      81.36000	     142.09209075
      81.40000	     137.64986074
      81.44000	     136.32081819
      81.48000	     139.29076105
      81.52000	     143.73771904
      81.56000	     142.80907194
      81.60000	     132.98516704
      81.64000	     139.05341374
      81.68000	     133.54154327
      81.72000	     149.67561310
      81.76000	     139.72646995
      81.80000	     146.87668282
      81.84000	     139.74339988
      81.88000	     141.21669830
      81.92000	     149.01865762
      81.96000	     147.43503433
      82.00000	     143.09367722
      82.04000	     137.03608976
      82.08000	     137.88460244
      82.12000	     149.89293362
      82.16000	     135.71188152
      82.20000	     138.55600140
      82.24000	     138.56159864
      82.28000	     132.74991585
      82.32000	     144.90021277
      82.36000	     138.97679680
      82.40000	     142.34539970
      82.44000	     138.86082939
      82.48000	     144.79089501
      82.52000	     134.01575864
      82.56000	     145.60099133
      82.60000	     129.85963305
      82.64000	     138.76165328
      82.68000	     142.99769532
      82.72000	     142.46243008
      82.76000	     141.67857432
      82.80000	     140.32486352
      82.84000	     133.74319150
      82.88000	     147.88153301
      82.92000	     143.17685442
      82.96000	     129.85086702
      83.00000	     138.88139798
      83.04000	     142.77817476
      83.08000	     132.94680779
      83.12000	     140.76151440
      83.16000	     138.22026242
      83.20000	     139.02935664
      83.24000	     138.47688906
      83.28000	     143.07675711
      83.32000	     139.84976602
      83.36000	     142.03817360
      83.40000	     136.49299327
      83.44000	     142.82246318
      83.48000	     140.26569560
      83.52000	     146.64220382
      83.56000	     145.42805493
      83.60000	     137.59240274
      83.64000	     140.05262093
      83.68000	     145.27747053
      83.72000	     142.97661118
      83.76000	     138.57995983
      83.80000	     142.29557632
      83.84000	     146.06786910
      83.88000	     138.37576409
      83.92000	     133.61085001
      83.96000	     136.70852078
      84.00000	     135.36560800
      84.04000	     139.93339063
      84.08000	     139.28062965
      84.12000	     142.80148847
      84.16000	     142.68056750
      84.20000	     136.48576034
      84.24000	     140.52906641
      84.28000	     138.76761462
      84.32000	     147.13193502
      84.36000	     142.42526033
      84.40000	     144.84380249
      84.44000	     135.59276480
      84.48000	     132.38179717
      84.52000	     137.87728116
      84.56000	     132.94082856
      84.60000	     137.63625855
      84.64000	     136.83347447
      84.68000	     143.67507123
      84.72000	     130.41666106
      84.76000	     134.43751344
      84.80000	     133.48927246
      84.84000	     137.68067227
      84.88000	     136.60504202
      84.92000	     144.03485886
      84.96000	     141.74668496
      85.00000	     146.33490249
      85.04000	     125.44537815
      85.08000	     137.57026438
      85.12000	     140.83180889
      85.16000	     141.50245477
      85.20000	     133.98081761
      85.24000	     131.37173085
      85.28000	     131.00142715
      85.32000	     144.59583176
      85.36000	     140.56441189
      85.40000	     138.15018784
      85.44000	     135.31162064
      85.48000	     131.01553874
      85.52000	     144.80454754
      85.56000	     134.82752583
      85.60000	     138.87766373
      85.64000	     135.12603231
      85.68000	     143.62318450
      85.72000	     137.32043231
      85.76000	     141.48845858
      85.80000	     137.59551501
      85.84000	     134.24266113
      85.88000	     136.94014260
      85.92000	     139.81394095
      85.96000	     133.59936368
      86.00000	     135.24264121
      86.04000	     140.78429257
      86.08000	     131.21695976
      86.12000	     130.84414709
      86.16000	     142.13855137
      86.20000	     146.52113493
      86.24000	     139.52986263
      86.28000	     143.19648015
      86.32000	     137.40787733
      86.36000	     140.24620701
      86.40000	     144.97448773
      86.44000	     138.78201234
      86.48000	     143.62463216
      86.52000	     139.05013905
      86.56000	     142.32088363
      86.60000	     144.22492606
      86.64000	     134.79382488
      86.68000	     141.13420580
      86.72000	     144.80811574
      86.76000	     143.34351104
      86.80000	     140.25510756
      86.84000	     142.28191547
      86.88000	     135.84018166
      86.92000	     139.36575739
      86.96000	     144.79625774
      87.00000	     137.41014971
      87.04000	     143.53808553
      87.08000	     140.97617570
      87.12000	     139.77248221
      87.16000	     145.31399405
      87.20000	     146.94207091
      87.24000	     149.89034055
      87.28000	     147.24289694
      87.32000	     151.25417160
      87.36000	     144.56469068
      87.40000	     149.68770192
      87.44000	     145.78201349
      87.48000	     143.41116587
      87.52000	     140.31780232
      87.56000	     148.68086138
      87.60000	     154.36838277
      87.64000	     149.66994477
      87.68000	     155.75106776
      87.72000	     150.76392444
      87.76000	     139.04982619
      87.80000	     148.22200962
      87.84000	     149.46695958
      87.88000	     141.93287505
      87.92000	     143.43875543
      87.96000	     147.37807262
      88.00000	     148.57558884
      88.04000	     141.69194473
      88.08000	     146.56113905
      88.12000	     133.60836974
      88.16000	     144.14001402
      88.20000	     143.77427708
      88.24000	     140.13649483
      88.28000	     139.99784204
      88.32000	     146.10455312
      88.36000	     133.56718834
      88.40000	     141.64114878
      88.44000	     139.40997058
      88.48000	     137.13606976
      88.52000	     158.73230121
      88.56000	     149.00193001
      88.60000	     148.20413838
      88.64000	     149.35450764
      88.68000	     147.32293566
      88.72000	     151.38419986
      88.76000	     150.20125888
      88.80000	     158.83091800
      88.84000	     150.99334171
      88.88000	     147.09457817
      88.92000	     148.99163864
      88.96000	     148.99163864
      89.00000	     156.69323247
      89.04000	     145.60877435
      89.08000	     144.67498784
      89.12000	     148.72750851
      89.16000	     136.85675300
      89.20000	     150.12296300
      89.24000	     147.81586521
      89.28000	     148.09810148
      89.32000	     142.84362880
      89.36000	     143.52321103
      89.40000	     155.29125558
      89.44000	     143.95588056
      89.48000	     149.90335356
      89.52000	     146.79841577
      89.56000	     142.89576855
      89.60000	     147.24374315
      89.64000	     152.78735516
      89.68000	     152.79768505
      89.72000	     147.13638515
      89.76000	     148.63201742
      89.80000	     152.30417552
      89.84000	     150.71161859
      89.88000	     152.58914561
      89.92000	     146.91359695
      89.96000	     150.84894812
      90.00000	     148.28444637
      90.04000	     144.66081167
      90.08000	     145.36103404
      90.12000	     149.00931139
      90.16000	     144.67060034
      90.20000	     144.00563030
      90.24000	     140.42817754
      90.28000	     142.27093569
      90.32000	     138.86454640
      90.36000	     150.47916442
      90.40000	     136.55688301
      90.44000	     146.49304528
      90.48000	     141.79817304
      90.52000	     135.35513906
      90.56000	     149.40037956
      90.60000	     142.49576146
      90.64000	     141.17108752
      90.68000	     147.62878829
      90.72000	     142.67639379
      90.76000	     138.25319046
      90.80000	     137.43992892
      90.84000	     136.75581818
      90.88000	     135.58089750
      90.92000	     139.23300657
      90.96000	     149.30396618
      91.00000	     140.03527812
      91.04000	     139.91193224
      91.08000	     140.86403792
      91.12000	     143.69983300
      91.16000	     139.94773848
      91.20000	     136.29446068
      91.24000	     140.06168101
      91.28000	     138.43812705
      91.32000	     135.75574740
      91.36000	     138.83652033
      91.40000	     145.04269130
      91.44000	     139.26113483
      91.48000	     138.72053872
      91.52000	     145.61079756
      91.56000	     145.50157627
      91.60000	     137.00660110
      91.64000	     142.26437463
      91.68000	     143.89264639
      91.72000	     142.16412882
      91.76000	     143.09390032
      91.80000	     148.74696847
      91.84000	     145.67162570
      91.88000	     151.06188012
      91.92000	     147.39763679
      91.96000	     147.65914449
      92.00000	     144.47439353
      92.04000	     156.47111147
      92.08000	     148.64628115
      92.12000	     148.67032389
      92.16000	     146.63468018
      92.20000	     149.75064025
      92.24000	     150.58576108
      92.28000	     144.64035372
      92.32000	     145.48053069
      92.36000	     142.12321840
      92.40000	     153.58683927
      92.44000	     144.44669229
      92.48000	     152.53894396
      92.52000	     143.10570400
      92.56000	     136.09204084
      92.60000	     156.45019893
      92.64000	     146.58880962
      92.68000	     144.48566610
      92.72000	     139.05935987
      92.76000	     143.17522434
      92.80000	     149.23761975
      92.84000	     148.82879965
      92.88000	     143.43349840
      92.92000	     146.75901549
      92.96000	     138.96579200
      93.00000	     124.76707446
      93.04000	     142.21273837
      93.08000	     134.78108203
      93.12000	     139.79119113
      93.16000	     138.30175173
      93.20000	     141.28261927
      93.24000	     139.36152974
      93.28000	     135.75027353
      93.32000	     145.99525043
      93.36000	     143.04378864
      93.40000	     134.24263212
      93.44000	     137.06177186
      93.48000	     143.89939135
      93.52000	     130.84714796
      93.56000	     144.55565258
      93.60000	     145.10278114
      93.64000	     142.12025146
      93.68000	     138.51755317
      93.72000	     130.71632006
      93.76000	     140.27921476
      93.80000	     139.38734089
      93.84000	     141.38834756
      93.88000	     139.10542444
      93.92000	     133.44801172
      93.96000	     139.67869866
      94.00000	     132.39781174
      94.04000	     135.55492799
      94.08000	     144.01549074
      94.12000	     137.28654027
      94.16000	     146.66738365
      94.20000	     139.31472218
      94.24000	     137.20188854
      94.28000	     142.28845016
      94.32000	     144.49272828
      94.36000	     139.40470424
      94.40000	     137.28313975
      94.44000	     133.34230355
      94.48000	     138.62158998
      94.52000	     140.79198859
      94.56000	     133.96162908
      94.60000	     141.35702746
      94.64000	     135.70274637
      94.68000	     138.52429223
      94.72000	     137.47323917
      94.76000	     138.02297241
      94.80000	     137.75736928
      94.84000	     141.50689358
      94.88000	     138.05457533
      94.92000	     137.11176360
      94.96000	     139.43525354
      95.00000	     139.01236563
      95.04000	     135.92703857
      95.08000	     139.72728253
      95.12000	     140.78055746
      95.16000	     145.34922880
      95.20000	     140.52815953
      95.24000	     148.65429453
      95.28000	     146.12709283
      95.32000	     146.14285329
      95.36000	     147.73278697
      95.40000	     153.85030271
      95.44000	     161.14677167
      95.48000	     155.07848320
      95.52000	     152.11381566
      95.56000	     158.57605178
      95.60000	     150.64872009
      95.64000	     156.98968238
      95.68000	     158.38111298
      95.72000	     153.81294187
      95.76000	     148.83281608
      95.80000	     140.20457183
      95.84000	     150.79311509
      95.88000	     141.89855131
      95.92000	     138.50639883
      95.96000	     134.60967245
      96.00000	     142.33241506
      96.04000	     143.55553155
      96.08000	     150.33430134
      96.12000	     135.19536473
      96.16000	     138.20589030
      96.20000	     146.34146341
      96.24000	     145.79898927
      96.28000	     140.54813774
      96.32000	     144.09299811
      96.36000	     143.41713977
      96.40000	     144.26327033
      96.44000	     138.50190711
      96.48000	     142.53644551
      96.52000	     139.59339366
      96.56000	     139.61038961
      96.60000	     139.10125435
      96.64000	     140.30387899
      96.68000	     136.52477471
      96.72000	     129.24442760
      96.76000	     138.46216315
      96.80000	     139.82133189
      96.84000	     131.73036568
      96.88000	     135.55236573
      96.92000	     136.92507720
      96.96000	     135.62717416
      97.00000	     139.74945210
      97.04000	     139.23058206
      97.08000	     136.70872396
      97.12000	     136.45197862
      97.16000	     141.08253193
      97.20000	     146.10739702
      97.24000	     140.03072859
      97.28000	     140.58498450
      97.32000	     140.58308959
      97.36000	     136.13694568
      97.40000	     145.04866410
      97.44000	     135.73074901
      97.48000	     143.42135415
      97.52000	     138.55194350
      97.56000	     142.09447800
      97.60000	     141.43756657
      97.64000	     140.74253822
      97.68000	     140.63427000
      97.72000	     145.61732307
      97.76000	     133.76483279
      97.80000	     143.34645882
      97.84000	     152.69234920
      97.88000	     143.91303175
      97.92000	     143.93050328
      97.96000	     140.28272364
      98.00000	     142.43323442
      98.04000	     136.37651248
      98.08000	     148.69036546
      98.12000	     141.96540520
      98.16000	     140.89824315
      98.20000	     146.30528587
      98.24000	     133.49154554
      98.28000	     140.76531025
      98.32000	     135.13695767
      98.36000	     142.71261887
      98.40000	     129.50571984
      98.44000	     142.48320155
      98.48000	     143.66265580
      98.52000	     141.90519869
      98.56000	     141.51579743
      98.60000	     140.85837257
      98.64000	     142.73957448
      98.68000	     143.04414126
      98.72000	     144.29566438
      98.76000	     138.63765220
      98.80000	     136.72929489
      98.84000	     145.55765595
      98.88000	     125.99594868
      98.92000	     129.35807070
      98.96000	     143.53227113
      99.00000	     136.96409758
      99.04000	     132.90113452
      99.08000	     136.15917656
      99.12000	     147.08663119
      99.16000	     133.45039508
      99.20000	     132.92626915
      99.24000	     139.68442667
      99.28000	     138.87763097
      99.32000	     143.32414762
      99.36000	     136.47910924
      99.40000	     130.36840897
      99.44000	     134.16924511
      99.48000	     134.97811166
      99.52000	     135.36333302
      99.56000	     144.29897450
      99.60000	     140.50826162
      99.64000	     142.93434207
      99.68000	     133.84656942
      99.72000	     138.59995137
      99.76000	     145.36808117
      99.80000	     139.69008795
      99.84000	     142.24731851
      99.88000	     141.01438509
      99.92000	     136.71057075
      99.96000	     140.93451882
     100.00000	     149.80818069
