X-ray diffraction station at BSRF	Omega_2omega step mode	Wavelength(nm)=0.13807	2016/10/9 21:11:31
2Omega(degree)	Detector	InoChamber1	InoChamber2
10.00000	2100	73950	0
10.04000	2096	73962	0
10.08000	2123	74000	0
10.12000	2045	74028	0
10.16000	1918	74065	0
10.20000	2011	74094	0
10.24000	2089	74116	0
10.28000	2043	74162	0
10.32000	2011	74283	0
10.36000	2053	74275	0
10.40000	2068	74272	0
10.44000	2024	74272	0
10.48000	2090	74271	0
10.52000	2075	74284	0
10.56000	2052	74268	0
10.60000	2036	74279	0
10.64000	2140	74272	0
10.68000	2081	74284	0
10.72000	2087	74292	0
10.76000	2115	74280	0
10.80000	1973	74268	0
10.84000	2070	74281	0
10.88000	2093	74289	0
10.92000	2099	74297	0
10.96000	2159	74276	0
11.00000	2155	74292	0
11.04000	2190	74293	0
11.08000	2197	74277	0
11.12000	2314	74284	0
11.16000	2325	74271	0
11.20000	2469	74263	0
11.24000	2549	74275	0
11.28000	2948	74285	0
11.32000	3459	74276	0
11.36000	4004	74280	0
11.40000	4696	74260	0
11.44000	4342	74273	0
11.48000	3864	74261	0
11.52000	3201	74240	0
11.56000	2719	74234	0
11.60000	2474	74235	0
11.64000	2376	74232	0
11.68000	2244	74218	0
11.72000	2090	74226	0
11.76000	2130	74216	0
11.80000	2084	74216	0
11.84000	2089	74227	0
11.88000	1971	74213	0
11.92000	2043	74219	0
11.96000	2026	74221	0
12.00000	2023	74209	0
12.04000	2004	74210	0
12.08000	1995	74213	0
12.12000	2063	74226	0
12.16000	1899	74226	0
12.20000	2091	74221	0
12.24000	1998	74208	0
12.28000	1974	74205	0
12.32000	1998	74206	0
12.36000	2003	74213	0
12.40000	1920	74205	0
12.44000	1943	74202	0
12.48000	1958	74198	0
12.52000	1917	74200	0
12.56000	1915	74208	0
12.60000	1903	74184	0
12.64000	1931	74176	0
12.68000	1892	74178	0
12.72000	2000	74172	0
12.76000	1983	74173	0
12.80000	1848	74187	0
12.84000	1869	74181	0
12.88000	1923	74175	0
12.92000	1846	74187	0
12.96000	1907	74184	0
13.00000	1872	74173	0
13.04000	1896	74169	0
13.08000	1970	74181	0
13.12000	1903	74176	0
13.16000	1880	74171	0
13.20000	1890	74154	0
13.24000	1921	74165	0
13.28000	1967	74178	0
13.32000	1954	74246	0
13.36000	1933	74314	0
13.40000	1869	74390	0
13.44000	1906	74448	0
13.48000	1945	74523	0
13.52000	1948	74517	0
13.56000	1889	74512	0
13.60000	1903	74503	0
13.64000	1922	74498	0
13.68000	1928	74496	0
13.72000	1913	74489	0
13.76000	1918	74500	0
13.80000	1817	74472	0
13.84000	1838	74472	0
13.88000	1924	74460	0
13.92000	1965	74453	0
13.96000	1879	74451	0
14.00000	1905	74456	0
14.04000	1844	74439	0
14.08000	1905	74461	0
14.12000	1908	74464	0
14.16000	1907	74420	0
14.20000	1896	74416	0
14.24000	1895	74417	0
14.28000	1831	74403	0
14.32000	1870	74405	0
14.36000	1890	74394	0
14.40000	1859	74368	0
14.44000	1818	74353	0
14.48000	1827	74372	0
14.52000	1713	74370	0
14.56000	1824	74373	0
14.60000	1789	74376	0
14.64000	1770	74359	0
14.68000	1854	74349	0
14.72000	1782	74342	0
14.76000	1815	74352	0
14.80000	1769	74347	0
14.84000	1818	74340	0
14.88000	1733	74341	0
14.92000	1721	74328	0
14.96000	1731	74333	0
15.00000	1790	74319	0
15.04000	1829	74325	0
15.08000	1747	74328	0
15.12000	1647	74318	0
15.16000	1719	74310	0
15.20000	1685	74326	0
15.24000	1742	74309	0
15.28000	1674	74300	0
15.32000	1757	74299	0
15.36000	1758	74292	0
15.40000	1673	74280	0
15.44000	1772	74277	0
15.48000	1732	74275	0
15.52000	1753	74258	0
15.56000	1727	74245	0
15.60000	1848	74249	0
15.64000	1799	74214	0
15.68000	1721	74213	0
15.72000	1821	74232	0
15.76000	1860	74215	0
15.80000	1894	74208	0
15.84000	1974	74209	0
15.88000	2008	74192	0
15.92000	2084	74182	0
15.96000	2257	74171	0
16.00000	2457	74183	0
16.04000	2722	74195	0
16.08000	2899	74203	0
16.12000	3127	74201	0
16.16000	3163	74197	0
16.20000	3195	74184	0
16.24000	2931	74187	0
16.28000	2725	74169	0
16.32000	2396	74174	0
16.36000	2170	74175	0
16.40000	2129	74174	0
16.44000	1981	74168	0
16.48000	1875	74157	0
16.52000	1859	74152	0
16.56000	1832	74153	0
16.60000	1636	74143	0
16.64000	1683	74137	0
16.68000	1675	74144	0
16.72000	1762	74129	0
16.76000	1630	74121	0
16.80000	1686	74152	0
16.84000	1668	74199	0
16.88000	1650	74229	0
16.92000	1617	74290	0
16.96000	1604	74366	0
17.00000	1558	74488	0
17.04000	1608	74521	0
17.08000	1602	74520	0
17.12000	1579	74513	0
17.16000	1615	74512	0
17.20000	1554	74500	0
17.24000	1568	74502	0
17.28000	1589	74495	0
17.32000	1615	74485	0
17.36000	1583	74493	0
17.40000	1535	74503	0
17.44000	1569	74493	0
17.48000	1520	74486	0
17.52000	1572	74482	0
17.56000	1546	74480	0
17.60000	1544	74488	0
17.64000	1551	74476	0
17.68000	1553	74465	0
17.72000	1509	74461	0
17.76000	1556	74453	0
17.80000	1579	74479	0
17.84000	1566	74471	0
17.88000	1526	74458	0
17.92000	1551	74456	0
17.96000	1586	74444	0
18.00000	1506	74453	0
18.04000	1532	74447	0
18.08000	1515	74435	0
18.12000	1572	74428	0
18.16000	1528	74412	0
18.20000	1493	74423	0
18.24000	1498	74405	0
18.28000	1566	74404	0
18.32000	1515	74403	0
18.36000	1511	74404	0
18.40000	1502	74398	0
18.44000	1475	74387	0
18.48000	1588	74394	0
18.52000	1473	74379	0
18.56000	1453	74382	0
18.60000	1458	74393	0
18.64000	1496	74402	0
18.68000	1463	74410	0
18.72000	1484	74406	0
18.76000	1450	74395	0
18.80000	1497	74399	0
18.84000	1533	74395	0
18.88000	1531	74383	0
18.92000	1455	74397	0
18.96000	1525	74390	0
19.00000	1420	74394	0
19.04000	1545	74391	0
19.08000	1484	74398	0
19.12000	1471	74388	0
19.16000	1486	74387	0
19.20000	1441	74382	0
19.24000	1444	74375	0
19.28000	1384	74360	0
19.32000	1424	74354	0
19.36000	1445	74370	0
19.40000	1462	74359	0
19.44000	1505	74332	0
19.48000	1475	74343	0
19.52000	1462	74341	0
19.56000	1421	74329	0
19.60000	1426	74330	0
19.64000	1447	74326	0
19.68000	1382	74312	0
19.72000	1453	74304	0
19.76000	1404	74303	0
19.80000	1436	74305	0
19.84000	1395	74285	0
19.88000	1405	74290	0
19.92000	1403	74284	0
19.96000	1447	74283	0
20.00000	1425	74263	0
20.04000	1415	74255	0
20.08000	1439	74271	0
20.12000	1406	74254	0
20.16000	1460	74232	0
20.20000	1438	74247	0
20.24000	1416	74288	0
20.28000	1418	74362	0
20.32000	1372	74419	0
20.36000	1418	74475	0
20.40000	1425	74545	0
20.44000	1451	74571	0
20.48000	1455	74562	0
20.52000	1466	74552	0
20.56000	1473	74547	0
20.60000	1338	74535	0
20.64000	1459	74541	0
20.68000	1397	74552	0
20.72000	1365	74552	0
20.76000	1349	74557	0
20.80000	1425	74545	0
20.84000	1337	74540	0
20.88000	1414	74527	0
20.92000	1415	74531	0
20.96000	1395	74527	0
21.00000	1384	74518	0
21.04000	1328	74515	0
21.08000	1424	74501	0
21.12000	1351	74502	0
21.16000	1392	74492	0
21.20000	1375	74531	0
21.24000	1432	74542	0
21.28000	1378	74535	0
21.32000	1354	74528	0
21.36000	1326	74524	0
21.40000	1361	74504	0
21.44000	1413	74498	0
21.48000	1378	74493	0
21.52000	1395	74489	0
21.56000	1417	74492	0
21.60000	1390	74475	0
21.64000	1349	74456	0
21.68000	1346	74466	0
21.72000	1359	74480	0
21.76000	1349	74476	0
21.80000	1379	74467	0
21.84000	1413	74455	0
21.88000	1371	74449	0
21.92000	1358	74437	0
21.96000	1363	74428	0
22.00000	1298	74419	0
22.04000	1441	74427	0
22.08000	1347	74448	0
22.12000	1372	74444	0
22.16000	1348	74444	0
22.20000	1296	74451	0
22.24000	1442	74444	0
22.28000	1371	74439	0
22.32000	1333	74433	0
22.36000	1339	74436	0
22.40000	1364	74427	0
22.44000	1379	74420	0
22.48000	1288	74439	0
22.52000	1399	74441	0
22.56000	1345	74436	0
22.60000	1382	74424	0
22.64000	1425	74433	0
22.68000	1345	74433	0
22.72000	1418	74422	0
22.76000	1413	74416	0
22.80000	1399	74406	0
22.84000	1464	74430	0
22.88000	1612	74429	0
22.92000	1547	74402	0
22.96000	1490	74416	0
23.00000	1495	74425	0
23.04000	1489	74433	0
23.08000	1477	74434	0
23.12000	1384	74429	0
23.16000	1455	74414	0
23.20000	1436	74437	0
23.24000	1328	74462	0
23.28000	1361	74485	0
23.32000	1337	74511	0
23.36000	1348	74558	0
23.40000	1411	74630	0
23.44000	1385	74660	0
23.48000	1386	74712	0
23.52000	1355	74708	0
23.56000	1343	74754	0
23.60000	1337	74808	0
23.64000	1366	74801	0
23.68000	1362	74796	0
23.72000	1366	74789	0
23.76000	1303	74770	0
23.80000	1264	74764	0
23.84000	1332	74765	0
23.88000	1322	74761	0
23.92000	1314	74753	0
23.96000	1294	74739	0
24.00000	1357	74738	0
24.04000	1363	74758	0
24.08000	1315	74751	0
24.12000	1337	74744	0
24.16000	1277	74729	0
24.20000	1342	74714	0
24.24000	1436	74719	0
24.28000	1428	74711	0
24.32000	1345	74705	0
24.36000	1325	74716	0
24.40000	1297	74696	0
24.44000	1321	74701	0
24.48000	1317	74702	0
24.52000	1357	74706	0
24.56000	1332	74694	0
24.60000	1241	74679	0
24.64000	1256	74680	0
24.68000	1312	74672	0
24.72000	1315	74668	0
24.76000	1291	74661	0
24.80000	1331	74666	0
24.84000	1318	74657	0
24.88000	1241	74652	0
24.92000	1411	74651	0
24.96000	1390	74646	0
25.00000	1374	74649	0
25.04000	1426	74641	0
25.08000	1417	74636	0
25.12000	1455	74632	0
25.16000	1466	74623	0
25.20000	1512	74623	0
25.24000	1514	74604	0
25.28000	1564	74615	0
25.32000	1571	74586	0
25.36000	1734	74596	0
25.40000	1832	74592	0
25.44000	1972	74582	0
25.48000	2096	74570	0
25.52000	2443	74559	0
25.56000	2755	74544	0
25.60000	3113	74541	0
25.64000	3385	74544	0
25.68000	3422	74548	0
25.72000	3258	74532	0
25.76000	2901	74538	0
25.80000	2552	74522	0
25.84000	2257	74525	0
25.88000	1962	74502	0
25.92000	1869	74499	0
25.96000	1741	74502	0
26.00000	1646	74502	0
26.04000	1519	74498	0
26.08000	1598	74485	0
26.12000	1464	74472	0
26.16000	1493	74466	0
26.20000	1405	74465	0
26.24000	1338	74463	0
26.28000	1465	74457	0
26.32000	1376	74407	0
26.36000	1330	74378	0
26.40000	1348	74378	0
26.44000	1329	74363	0
26.48000	1329	74368	0
26.52000	1309	74407	0
26.56000	1292	74439	0
26.60000	1208	74452	0
26.64000	1310	74453	0
26.68000	1285	74472	0
26.72000	1268	74498	0
26.76000	1296	74505	0
26.80000	1221	74542	0
26.84000	1285	74619	0
26.88000	1314	74684	0
26.92000	1278	74730	0
26.96000	1284	74716	0
27.00000	1288	74708	0
27.04000	1280	74697	0
27.08000	1236	74697	0
27.12000	1315	74671	0
27.16000	1293	74666	0
27.20000	1247	74665	0
27.24000	1210	74650	0
27.28000	1292	74640	0
27.32000	1207	74629	0
27.36000	1244	74620	0
27.40000	1280	74607	0
27.44000	1255	74595	0
27.48000	1238	74584	0
27.52000	1260	74573	0
27.56000	1288	74561	0
27.60000	1230	74555	0
27.64000	1253	74544	0
27.68000	1229	74539	0
27.72000	1278	74539	0
27.76000	1174	74529	0
27.80000	1206	74528	0
27.84000	1176	74506	0
27.88000	1214	74506	0
27.92000	1241	74503	0
27.96000	1196	74514	0
28.00000	1186	74503	0
28.04000	1187	74500	0
28.08000	1251	74504	0
28.12000	1199	74496	0
28.16000	1219	74491	0
28.20000	1204	74482	0
28.24000	1162	74476	0
28.28000	1214	74473	0
28.32000	1196	74458	0
28.36000	1175	74442	0
28.40000	1214	74446	0
28.44000	1199	74432	0
28.48000	1228	74436	0
28.52000	1275	74434	0
28.56000	1250	74406	0
28.60000	1131	74400	0
28.64000	1178	74404	0
28.68000	1219	74395	0
28.72000	1175	74365	0
28.76000	1205	74369	0
28.80000	1263	74369	0
28.84000	1199	74361	0
28.88000	1236	74400	0
28.92000	1216	74425	0
28.96000	1180	74412	0
29.00000	1174	74400	0
29.04000	1235	74428	0
29.08000	1249	74407	0
29.12000	1247	74399	0
29.16000	1215	74405	0
29.20000	1256	74402	0
29.24000	1186	74407	0
29.28000	1242	74398	0
29.32000	1204	74380	0
29.36000	1192	74376	0
29.40000	1147	74380	0
29.44000	1251	74362	0
29.48000	1190	74349	0
29.52000	1255	74341	0
29.56000	1181	74345	0
29.60000	1199	74344	0
29.64000	1196	74323	0
29.68000	1133	74321	0
29.72000	1178	74311	0
29.76000	1178	74320	0
29.80000	1191	74297	0
29.84000	1172	74298	0
29.88000	1190	74286	0
29.92000	1105	74281	0
29.96000	1237	74279	0
30.00000	1151	74275	0
30.04000	1156	74266	0
30.08000	1241	74253	0
30.12000	1196	74284	0
30.16000	1198	74320	0
30.20000	1212	74351	0
30.24000	1135	74388	0
30.28000	1214	74431	0
30.32000	1135	74443	0
30.36000	1189	74453	0
30.40000	1203	74466	0
30.44000	1158	74492	0
30.48000	1149	74549	0
30.52000	1147	74569	0
30.56000	1190	74570	0
30.60000	1156	74564	0
30.64000	1168	74543	0
30.68000	1159	74535	0
30.72000	1173	74547	0
30.76000	1177	74536	0
30.80000	1170	74530	0
30.84000	1145	74534	0
30.88000	1150	74513	0
30.92000	1247	74514	0
30.96000	1156	74512	0
31.00000	1170	74521	0
31.04000	1166	74506	0
31.08000	1125	74497	0
31.12000	1143	74498	0
31.16000	1098	74478	0
31.20000	1208	74500	0
31.24000	1196	74473	0
31.28000	1153	74471	0
31.32000	1157	74478	0
31.36000	1195	74480	0
31.40000	1175	74480	0
31.44000	1170	74550	0
31.48000	1220	74531	0
31.52000	1233	74524	0
31.56000	1237	74511	0
31.60000	1184	74507	0
31.64000	1119	74496	0
31.68000	1221	74500	0
31.72000	1172	74482	0
31.76000	1157	74487	0
31.80000	1202	74490	0
31.84000	1147	74494	0
31.88000	1231	74471	0
31.92000	1242	74479	0
31.96000	1242	74472	0
32.00000	1293	74472	0
32.04000	1331	74470	0
32.08000	1208	74463	0
32.12000	1225	74477	0
32.16000	1351	74456	0
32.20000	1296	74472	0
32.24000	1312	74462	0
32.28000	1318	74462	0
32.32000	1419	74460	0
32.36000	1419	74450	0
32.40000	1429	74475	0
32.44000	1393	74449	0
32.48000	1441	74476	0
32.52000	1548	74471	0
32.56000	1509	74455	0
32.60000	1577	74429	0
32.64000	1678	74433	0
32.68000	1614	74429	0
32.72000	1672	74431	0
32.76000	1645	74435	0
32.80000	1645	74440	0
32.84000	1540	74418	0
32.88000	1603	74407	0
32.92000	1488	74417	0
32.96000	1503	74407	0
33.00000	1501	74381	0
33.04000	1572	74394	0
33.08000	1451	74386	0
33.12000	1545	74389	0
33.16000	1566	74420	0
33.20000	1636	74447	0
33.24000	1785	74467	0
33.28000	2102	74493	0
33.32000	2539	74522	0
33.36000	3110	74556	0
33.40000	3984	74573	0
33.44000	4745	74607	0
33.48000	4549	74633	0
33.52000	3762	74669	0
33.56000	2853	74714	0
33.60000	2263	74729	0
33.64000	1900	74731	0
33.68000	1621	74705	0
33.72000	1466	74704	0
33.76000	1379	74724	0
33.80000	1376	74700	0
33.84000	1346	74691	0
33.88000	1253	74686	0
33.92000	1235	74679	0
33.96000	1329	74677	0
34.00000	1248	74720	0
34.04000	1245	74697	0
34.08000	1226	74680	0
34.12000	1171	74686	0
34.16000	1233	74690	0
34.20000	1217	74675	0
34.24000	1193	74691	0
34.28000	1260	74673	0
34.32000	1225	74664	0
34.36000	1280	74646	0
34.40000	1265	74643	0
34.44000	1343	74642	0
34.48000	1309	74636	0
34.52000	1333	74626	0
34.56000	1277	74637	0
34.60000	1320	74626	0
34.64000	1360	74634	0
34.68000	1393	74620	0
34.72000	1349	74604	0
34.76000	1286	74592	0
34.80000	1326	74609	0
34.84000	1307	74604	0
34.88000	1292	74581	0
34.92000	1178	74593	0
34.96000	1182	74593	0
35.00000	1182	74602	0
35.04000	1175	74591	0
35.08000	1143	74596	0
35.12000	1180	74589	0
35.16000	1174	74592	0
35.20000	1225	74572	0
35.24000	1205	74566	0
35.28000	1127	74572	0
35.32000	1120	74565	0
35.36000	1109	74567	0
35.40000	1168	74569	0
35.44000	1191	74553	0
35.48000	1130	74556	0
35.52000	1062	74559	0
35.56000	1129	74562	0
35.60000	1119	74544	0
35.64000	1208	74552	0
35.68000	1114	74542	0
35.72000	1099	74531	0
35.76000	1090	74546	0
35.80000	1066	74531	0
35.84000	1160	74535	0
35.88000	1130	74515	0
35.92000	1245	74515	0
35.96000	1108	74525	0
36.00000	1199	74537	0
36.04000	1212	74514	0
36.08000	1145	74531	0
36.12000	1146	74507	0
36.16000	1203	74509	0
36.20000	1180	74508	0
36.24000	1189	74500	0
36.28000	1196	74491	0
36.32000	1201	74494	0
36.36000	1211	74491	0
36.40000	1274	74525	0
36.44000	1355	74563	0
36.48000	1291	74628	0
36.52000	1381	74680	0
36.56000	1435	74704	0
36.60000	1479	74740	0
36.64000	1466	74771	0
36.68000	1467	74766	0
36.72000	1386	74759	0
36.76000	1279	74757	0
36.80000	1261	74747	0
36.84000	1208	74725	0
36.88000	1279	74726	0
36.92000	1298	74706	0
36.96000	1210	74699	0
37.00000	1295	74701	0
37.04000	1360	74700	0
37.08000	1354	74706	0
37.12000	1526	74719	0
37.16000	1597	74699	0
37.20000	1671	74692	0
37.24000	1841	74689	0
37.28000	1904	74682	0
37.32000	2006	74682	0
37.36000	2004	74678	0
37.40000	2073	74681	0
37.44000	1840	74667	0
37.48000	1683	74659	0
37.52000	1590	74659	0
37.56000	1438	74650	0
37.60000	1437	74632	0
37.64000	1288	74627	0
37.68000	1247	74631	0
37.72000	1133	74626	0
37.76000	1167	74612	0
37.80000	1198	74599	0
37.84000	1197	74595	0
37.88000	1128	74587	0
37.92000	1122	74587	0
37.96000	1119	74564	0
38.00000	1180	74560	0
38.04000	1179	74536	0
38.08000	1105	74545	0
38.12000	1112	74539	0
38.16000	1059	74527	0
38.20000	1111	74528	0
38.24000	1167	74510	0
38.28000	1088	74503	0
38.32000	1050	74490	0
38.36000	1104	74497	0
38.40000	1087	74487	0
38.44000	1071	74465	0
38.48000	1116	74469	0
38.52000	1019	74453	0
38.56000	1118	74441	0
38.60000	1098	74444	0
38.64000	1124	74432	0
38.68000	1085	74412	0
38.72000	1086	74425	0
38.76000	1096	74414	0
38.80000	1072	74422	0
38.84000	1122	74400	0
38.88000	1120	74387	0
38.92000	1095	74389	0
38.96000	1034	74388	0
39.00000	1070	74383	0
39.04000	1077	74360	0
39.08000	1065	74353	0
39.12000	1086	74303	0
39.16000	1093	74314	0
39.20000	1101	74300	0
39.24000	1117	74288	0
39.28000	1083	74253	0
39.32000	1126	74262	0
39.36000	1099	74249	0
39.40000	1068	74257	0
39.44000	1079	74316	0
39.48000	1091	74361	0
39.52000	1103	74395	0
39.56000	1133	74402	0
39.60000	1095	74417	0
39.64000	1119	74432	0
39.68000	1064	74447	0
39.72000	1035	74437	0
39.76000	1042	74471	0
39.80000	1096	74521	0
39.84000	1071	74564	0
39.88000	1047	74554	0
39.92000	1086	74546	0
39.96000	1046	74535	0
40.00000	1111	74544	0
40.04000	1077	74531	0
40.08000	1051	74516	0
40.12000	1083	74511	0
40.16000	1084	74493	0
40.20000	1008	74485	0
40.24000	1076	74475	0
40.28000	1097	74473	0
40.32000	1043	74468	0
40.36000	1084	74475	0
40.40000	1088	74471	0
40.44000	1096	74446	0
40.48000	1082	74444	0
40.52000	1084	74431	0
40.56000	1089	74443	0
40.60000	1068	74429	0
40.64000	1116	74415	0
40.68000	1122	74414	0
40.72000	1043	74411	0
40.76000	1058	74409	0
40.80000	1114	74403	0
40.84000	1151	74381	0
40.88000	1112	74379	0
40.92000	1139	74369	0
40.96000	1143	74358	0
41.00000	1154	74362	0
41.04000	1156	74364	0
41.08000	1137	74346	0
41.12000	1138	74358	0
41.16000	1143	74341	0
41.20000	1091	74344	0
41.24000	1133	74344	0
41.28000	1133	74341	0
41.32000	1080	74344	0
41.36000	1082	74318	0
41.40000	1084	74324	0
41.44000	1113	74321	0
41.48000	1079	74310	0
41.52000	1095	74298	0
41.56000	1114	74307	0
41.60000	1135	74317	0
41.64000	1094	74311	0
41.68000	1153	74396	0
41.72000	1188	74399	0
41.76000	1174	74389	0
41.80000	1127	74371	0
41.84000	1214	74386	0
41.88000	1175	74384	0
41.92000	1150	74361	0
41.96000	1171	74362	0
42.00000	1240	74342	0
42.04000	1139	74333	0
42.08000	1184	74326	0
42.12000	1147	74331	0
42.16000	1168	74327	0
42.20000	1252	74319	0
42.24000	1123	74321	0
42.28000	1132	74318	0
42.32000	1194	74298	0
42.36000	1179	74286	0
42.40000	1125	74295	0
42.44000	1059	74292	0
42.48000	1144	74279	0
42.52000	1109	74281	0
42.56000	1055	74282	0
42.60000	1066	74291	0
42.64000	1035	74358	0
42.68000	1065	74412	0
42.72000	1047	74480	0
42.76000	1058	74545	0
42.80000	1048	74593	0
42.84000	1030	74629	0
42.88000	1069	74626	0
42.92000	1053	74622	0
42.96000	1071	74617	0
43.00000	1022	74601	0
43.04000	1033	74611	0
43.08000	1087	74594	0
43.12000	1051	74602	0
43.16000	1121	74588	0
43.20000	1087	74570	0
43.24000	1129	74576	0
43.28000	1090	74583	0
43.32000	1086	74577	0
43.36000	1042	74569	0
43.40000	1138	74563	0
43.44000	1096	74573	0
43.48000	1102	74575	0
43.52000	1113	74568	0
43.56000	1169	74580	0
43.60000	1151	74576	0
43.64000	1161	74556	0
43.68000	1154	74556	0
43.72000	1165	74556	0
43.76000	1204	74550	0
43.80000	1251	74539	0
43.84000	1274	74545	0
43.88000	1316	74553	0
43.92000	1316	74546	0
43.96000	1411	74540	0
44.00000	1498	74526	0
44.04000	1576	74521	0
44.08000	1580	74511	0
44.12000	1794	74519	0
44.16000	1899	74529	0
44.20000	1944	74514	0
44.24000	2116	74474	0
44.28000	2170	74470	0
44.32000	2187	74475	0
44.36000	2079	74454	0
44.40000	1934	74474	0
44.44000	1780	74472	0
44.48000	1680	74456	0
44.52000	1606	74454	0
44.56000	1476	74458	0
44.60000	1390	74450	0
44.64000	1354	74457	0
44.68000	1257	74448	0
44.72000	1283	74421	0
44.76000	1202	74423	0
44.80000	1189	74408	0
44.84000	1151	74420	0
44.88000	1171	74427	0
44.92000	1092	74412	0
44.96000	1122	74407	0
45.00000	1027	74405	0
45.04000	1120	74392	0
45.08000	1080	74384	0
45.12000	1091	74379	0
45.16000	1122	74379	0
45.20000	1094	74392	0
45.24000	1141	74365	0
45.28000	1129	74360	0
45.32000	1120	74373	0
45.36000	1132	74353	0
45.40000	1099	74353	0
45.44000	1086	74340	0
45.48000	1046	74377	0
45.52000	1056	74426	0
45.56000	1040	74504	0
45.60000	1110	74560	0
45.64000	1075	74629	0
45.68000	1096	74702	0
45.72000	1025	74706	0
45.76000	1044	74688	0
45.80000	1076	74705	0
45.84000	1115	74713	0
45.88000	1078	74699	0
45.92000	1081	74678	0
45.96000	1095	74680	0
46.00000	1130	74679	0
46.04000	1063	74672	0
46.08000	1069	74652	0
46.12000	1082	74652	0
46.16000	1130	74654	0
46.20000	1099	74652	0
46.24000	1042	74632	0
46.28000	1079	74638	0
46.32000	1041	74623	0
46.36000	1097	74628	0
46.40000	1085	74616	0
46.44000	1036	74627	0
46.48000	1099	74625	0
46.52000	1096	74600	0
46.56000	1049	74612	0
46.60000	1099	74600	0
46.64000	1112	74613	0
46.68000	1193	74619	0
46.72000	1099	74614	0
46.76000	1178	74598	0
46.80000	1111	74614	0
46.84000	1113	74618	0
46.88000	1115	74612	0
46.92000	1149	74612	0
46.96000	1105	74614	0
47.00000	1069	74608	0
47.04000	1101	74603	0
47.08000	1009	74600	0
47.12000	1081	74600	0
47.16000	1047	74597	0
47.20000	1102	74592	0
47.24000	1035	74571	0
47.28000	1110	74583	0
47.32000	1058	74567	0
47.36000	1110	74565	0
47.40000	1056	74565	0
47.44000	1121	74557	0
47.48000	1086	74552	0
47.52000	1060	74555	0
47.56000	1125	74540	0
47.60000	1104	74530	0
47.64000	1099	74519	0
47.68000	1092	74522	0
47.72000	1094	74521	0
47.76000	1115	74525	0
47.80000	1100	74530	0
47.84000	1115	74514	0
47.88000	1029	74508	0
47.92000	1075	74512	0
47.96000	1123	74519	0
48.00000	1096	74500	0
48.04000	1139	74509	0
48.08000	1062	74507	0
48.12000	1117	74487	0
48.16000	1102	74496	0
48.20000	1083	74488	0
48.24000	1132	74492	0
48.28000	1106	74491	0
48.32000	1123	74481	0
48.36000	1116	74463	0
48.40000	1171	74454	0
48.44000	1056	74455	0
48.48000	1108	74446	0
48.52000	1173	74437	0
48.56000	1121	74419	0
48.60000	1155	74430	0
48.64000	1128	74411	0
48.68000	1128	74415	0
48.72000	1119	74396	0
48.76000	1082	74454	0
48.80000	1108	74541	0
48.84000	1186	74595	0
48.88000	1156	74666	0
48.92000	1169	74743	0
48.96000	1146	74786	0
49.00000	1112	74782	0
49.04000	1168	74779	0
49.08000	1121	74782	0
49.12000	1125	74785	0
49.16000	1153	74792	0
49.20000	1194	74769	0
49.24000	1269	74766	0
49.28000	1251	74749	0
49.32000	1191	74748	0
49.36000	1231	74713	0
49.40000	1317	74662	0
49.44000	1265	74666	0
49.48000	1255	74660	0
49.52000	1351	74673	0
49.56000	1292	74660	0
49.60000	1284	74643	0
49.64000	1319	74644	0
49.68000	1331	74639	0
49.72000	1395	74636	0
49.76000	1406	74630	0
49.80000	1451	74627	0
49.84000	1406	74606	0
49.88000	1432	74602	0
49.92000	1417	74594	0
49.96000	1499	74574	0
50.00000	1412	74553	0
50.04000	1398	74565	0
50.08000	1353	74557	0
50.12000	1386	74558	0
50.16000	1382	74555	0
50.20000	1341	74550	0
50.24000	1287	74553	0
50.28000	1333	74553	0
50.32000	1310	74541	0
50.36000	1330	74536	0
50.40000	1256	74526	0
50.44000	1298	74521	0
50.48000	1282	74511	0
50.52000	1329	74484	0
50.56000	1238	74498	0
50.60000	1207	74493	0
50.64000	1163	74502	0
50.68000	1146	74493	0
50.72000	1134	74478	0
50.76000	1166	74488	0
50.80000	1149	74487	0
50.84000	1104	74482	0
50.88000	1112	74465	0
50.92000	1158	74450	0
50.96000	1075	74443	0
51.00000	1107	74449	0
51.04000	1055	74446	0
51.08000	1124	74441	0
51.12000	1011	74428	0
51.16000	1112	74441	0
51.20000	1070	74433	0
51.24000	1080	74433	0
51.28000	1079	74422	0
51.32000	1161	74425	0
51.36000	1016	74416	0
51.40000	1093	74410	0
51.44000	1092	74396	0
51.48000	1053	74384	0
51.52000	1064	74377	0
51.56000	1135	74368	0
51.60000	1074	74360	0
51.64000	1044	74338	0
51.68000	1072	74363	0
51.72000	1099	74330	0
51.76000	1048	74336	0
51.80000	1056	74327	0
51.84000	1085	74318	0
51.88000	1054	74311	0
51.92000	1091	74319	0
51.96000	1073	74301	0
52.00000	1097	74288	0
52.04000	1109	74264	0
52.08000	1114	74264	0
52.12000	1125	74299	0
52.16000	1113	74349	0
52.20000	1099	74422	0
52.24000	1102	74463	0
52.28000	1115	74468	0
52.32000	1129	74485	0
52.36000	1152	74542	0
52.40000	1117	74591	0
52.44000	1127	74586	0
52.48000	1179	74574	0
52.52000	1216	74554	0
52.56000	1174	74557	0
52.60000	1125	74536	0
52.64000	1189	74520	0
52.68000	1156	74508	0
52.72000	1215	74511	0
52.76000	1208	74514	0
52.80000	1277	74516	0
52.84000	1333	74498	0
52.88000	1335	74492	0
52.92000	1362	74483	0
52.96000	1394	74489	0
53.00000	1523	74493	0
53.04000	1559	74458	0
53.08000	1651	74482	0
53.12000	1761	74477	0
53.16000	1927	74457	0
53.20000	2069	74442	0
53.24000	2193	74443	0
53.28000	2276	74445	0
53.32000	2370	74429	0
53.36000	2243	74427	0
53.40000	2053	74420	0
53.44000	1980	74420	0
53.48000	1799	74404	0
53.52000	1657	74375	0
53.56000	1485	74380	0
53.60000	1428	74384	0
53.64000	1383	74370	0
53.68000	1361	74348	0
53.72000	1311	74361	0
53.76000	1217	74358	0
53.80000	1213	74351	0
53.84000	1149	74349	0
53.88000	1156	74328	0
53.92000	1176	74319	0
53.96000	1186	74321	0
54.00000	1216	74296	0
54.04000	1109	74319	0
54.08000	1109	74311	0
54.12000	1063	74314	0
54.16000	1075	74303	0
54.20000	1057	74296	0
54.24000	1099	74291	0
54.28000	1066	74277	0
54.32000	1043	74280	0
54.36000	1089	74270	0
54.40000	1129	74255	0
54.44000	1088	74259	0
54.48000	1108	74250	0
54.52000	1051	74289	0
54.56000	985	74271	0
54.60000	1076	74249	0
54.64000	1086	74259	0
54.68000	1046	74259	0
54.72000	1035	74252	0
54.76000	1067	74262	0
54.80000	1017	74254	0
54.84000	1056	74253	0
54.88000	1118	74246	0
54.92000	1040	74239	0
54.96000	1076	74231	0
55.00000	1071	74236	0
55.04000	1029	74235	0
55.08000	1055	74223	0
55.12000	1063	74218	0
55.16000	1028	74211	0
55.20000	1070	74209	0
55.24000	1035	74186	0
55.28000	1080	74166	0
55.32000	1029	74169	0
55.36000	1030	74219	0
55.40000	1068	74260	0
55.44000	1090	74332	0
55.48000	1072	74384	0
55.52000	1076	74459	0
55.56000	1107	74526	0
55.60000	1037	74552	0
55.64000	1029	74531	0
55.68000	1046	74534	0
55.72000	1038	74522	0
55.76000	1039	74528	0
55.80000	1072	74532	0
55.84000	1083	74527	0
55.88000	973	74518	0
55.92000	1057	74514	0
55.96000	1011	74483	0
56.00000	1040	74485	0
56.04000	1017	74482	0
56.08000	1057	74490	0
56.12000	1053	74474	0
56.16000	1043	74483	0
56.20000	1023	74480	0
56.24000	1046	74477	0
56.28000	1080	74479	0
56.32000	1062	74472	0
56.36000	1043	74475	0
56.40000	1055	74466	0
56.44000	1089	74453	0
56.48000	1045	74443	0
56.52000	1029	74446	0
56.56000	1059	74439	0
56.60000	1003	74432	0
56.64000	1027	74420	0
56.68000	1063	74431	0
56.72000	1039	74425	0
56.76000	1101	74417	0
56.80000	1047	74408	0
56.84000	1050	74407	0
56.88000	1029	74397	0
56.92000	1027	74374	0
56.96000	1073	74350	0
57.00000	1030	74340	0
57.04000	1020	74320	0
57.08000	1069	74341	0
57.12000	978	74314	0
57.16000	1092	74322	0
57.20000	1043	74334	0
57.24000	1063	74322	0
57.28000	1026	74312	0
57.32000	1073	74317	0
57.36000	1070	74313	0
57.40000	1177	74315	0
57.44000	1148	74310	0
57.48000	1131	74303	0
57.52000	1224	74304	0
57.56000	1296	74302	0
57.60000	1495	74299	0
57.64000	1698	74298	0
57.68000	1815	74306	0
57.72000	1715	74304	0
57.76000	1557	74294	0
57.80000	1354	74275	0
57.84000	1283	74298	0
57.88000	1248	74271	0
57.92000	1126	74252	0
57.96000	1202	74247	0
58.00000	1163	74240	0
58.04000	1143	74230	0
58.08000	1147	74220	0
58.12000	1202	74231	0
58.16000	1127	74212	0
58.20000	1144	74209	0
58.24000	1169	74225	0
58.28000	1192	74213	0
58.32000	1158	74199	0
58.36000	1142	74191	0
58.40000	1095	74190	0
58.44000	1171	74195	0
58.48000	1173	74191	0
58.52000	1166	74193	0
58.56000	1209	74183	0
58.60000	1168	74176	0
58.64000	1237	74167	0
58.68000	1174	74194	0
58.72000	1140	74252	0
58.76000	1182	74324	0
58.80000	1168	74401	0
58.84000	1252	74446	0
58.88000	1242	74508	0
58.92000	1270	74549	0
58.96000	1206	74544	0
59.00000	1295	74533	0
59.04000	1240	74540	0
59.08000	1273	74542	0
59.12000	1263	74548	0
59.16000	1192	74542	0
59.20000	1164	74531	0
59.24000	1170	74520	0
59.28000	1114	74525	0
59.32000	1177	74527	0
59.36000	1136	74507	0
59.40000	1151	74507	0
59.44000	1142	74502	0
59.48000	1114	74503	0
59.52000	1192	74514	0
59.56000	1196	74504	0
59.60000	1081	74506	0
59.64000	1173	74561	0
59.68000	1166	74545	0
59.72000	1120	74552	0
59.76000	1189	74533	0
59.80000	1148	74528	0
59.84000	1118	74538	0
59.88000	1162	74533	0
59.92000	1154	74513	0
59.96000	1066	74523	0
60.00000	1123	74505	0
60.04000	1103	74500	0
60.08000	1209	74507	0
60.12000	1144	74490	0
60.16000	1207	74504	0
60.20000	1156	74490	0
60.24000	1235	74475	0
60.28000	1241	74466	0
60.32000	1358	74466	0
60.36000	1263	74462	0
60.40000	1212	74460	0
60.44000	1277	74443	0
60.48000	1268	74442	0
60.52000	1189	74435	0
60.56000	1285	74428	0
60.60000	1272	74420	0
60.64000	1251	74424	0
60.68000	1234	74406	0
60.72000	1234	74403	0
60.76000	1305	74397	0
60.80000	1349	74386	0
60.84000	1362	74366	0
60.88000	1344	74364	0
60.92000	1410	74348	0
60.96000	1383	74354	0
61.00000	1453	74347	0
61.04000	1542	74331	0
61.08000	1494	74320	0
61.12000	1492	74317	0
61.16000	1569	74319	0
61.20000	1461	74305	0
61.24000	1569	74301	0
61.28000	1573	74289	0
61.32000	1620	74293	0
61.36000	1674	74291	0
61.40000	1713	74277	0
61.44000	1675	74286	0
61.48000	1615	74262	0
61.52000	1551	74251	0
61.56000	1453	74246	0
61.60000	1482	74255	0
61.64000	1426	74244	0
61.68000	1324	74226	0
61.72000	1349	74216	0
61.76000	1313	74218	0
61.80000	1231	74200	0
61.84000	1194	74207	0
61.88000	1175	74196	0
61.92000	1146	74269	0
61.96000	1141	74279	0
62.00000	1102	74308	0
62.04000	1124	74323	0
62.08000	1138	74370	0
62.12000	1191	74428	0
62.16000	1074	74494	0
62.20000	1085	74546	0
62.24000	1071	74541	0
62.28000	1054	74548	0
62.32000	1063	74527	0
62.36000	1083	74524	0
62.40000	1045	74508	0
62.44000	1036	74508	0
62.48000	1059	74501	0
62.52000	1065	74521	0
62.56000	1060	74514	0
62.60000	1096	74503	0
62.64000	1062	74495	0
62.68000	1059	74492	0
62.72000	1008	74489	0
62.76000	1095	74495	0
62.80000	1025	74473	0
62.84000	1021	74460	0
62.88000	1093	74460	0
62.92000	1119	74460	0
62.96000	1119	74472	0
63.00000	1129	74460	0
63.04000	1070	74456	0
63.08000	1030	74443	0
63.12000	1121	74435	0
63.16000	1076	74427	0
63.20000	1034	74424	0
63.24000	1080	74429	0
63.28000	1078	74421	0
63.32000	1097	74425	0
63.36000	1087	74423	0
63.40000	1059	74420	0
63.44000	1056	74418	0
63.48000	1066	74416	0
63.52000	1026	74400	0
63.56000	1077	74383	0
63.60000	1062	74370	0
63.64000	1052	74378	0
63.68000	1055	74373	0
63.72000	1132	74368	0
63.76000	1102	74355	0
63.80000	1113	74355	0
63.84000	1131	74360	0
63.88000	1169	74360	0
63.92000	1211	74360	0
63.96000	1164	74358	0
64.00000	1286	74345	0
64.04000	1291	74336	0
64.08000	1381	74331	0
64.12000	1418	74321	0
64.16000	1400	74299	0
64.20000	1420	74321	0
64.24000	1363	74299	0
64.28000	1312	74294	0
64.32000	1268	74287	0
64.36000	1253	74279	0
64.40000	1174	74263	0
64.44000	1156	74260	0
64.48000	1193	74257	0
64.52000	1169	74257	0
64.56000	1157	74253	0
64.60000	1146	74247	0
64.64000	1195	74259	0
64.68000	1197	74248	0
64.72000	1175	74248	0
64.76000	1144	74251	0
64.80000	1145	74263	0
64.84000	1077	74260	0
64.88000	1157	74245	0
64.92000	1168	74245	0
64.96000	1111	74241	0
65.00000	1079	74229	0
65.04000	1122	74227	0
65.08000	1050	74217	0
65.12000	1087	74208	0
65.16000	1062	74270	0
65.20000	1142	74356	0
65.24000	1082	74451	0
65.28000	1070	74517	0
65.32000	1085	74573	0
65.36000	1034	74566	0
65.40000	1049	74560	0
65.44000	1119	74547	0
65.48000	1040	74534	0
65.52000	1013	74532	0
65.56000	1104	74527	0
65.60000	1057	74522	0
65.64000	1017	74530	0
65.68000	1003	74509	0
65.72000	1084	74511	0
65.76000	1071	74529	0
65.80000	1009	74519	0
65.84000	1106	74509	0
65.88000	1029	74512	0
65.92000	1040	74491	0
65.96000	1082	74495	0
66.00000	1069	74493	0
66.04000	1040	74490	0
66.08000	1032	74494	0
66.12000	1052	74494	0
66.16000	1048	74481	0
66.20000	1050	74475	0
66.24000	1050	74456	0
66.28000	1032	74460	0
66.32000	1080	74449	0
66.36000	1018	74453	0
66.40000	1010	74451	0
66.44000	1097	74451	0
66.48000	1046	74442	0
66.52000	1053	74453	0
66.56000	1078	74448	0
66.60000	1108	74433	0
66.64000	1012	74425	0
66.68000	1072	74414	0
66.72000	1062	74420	0
66.76000	1035	74429	0
66.80000	1038	74415	0
66.84000	1061	74407	0
66.88000	1039	74402	0
66.92000	1040	74393	0
66.96000	1018	74391	0
67.00000	1076	74379	0
67.04000	1067	74366	0
67.08000	995	74364	0
67.12000	1022	74354	0
67.16000	1043	74347	0
67.20000	1016	74344	0
67.24000	1008	74342	0
67.28000	1079	74339	0
67.32000	1024	74316	0
67.36000	1049	74329	0
67.40000	1066	74315	0
67.44000	1031	74315	0
67.48000	1096	74318	0
67.52000	999	74293	0
67.56000	1046	74301	0
67.60000	1102	74300	0
67.64000	1055	74300	0
67.68000	1091	74295	0
67.72000	1089	74294	0
67.76000	1155	74286	0
67.80000	1203	74288	0
67.84000	1208	74286	0
67.88000	1178	74288	0
67.92000	1162	74290	0
67.96000	1183	74275	0
68.00000	1136	74258	0
68.04000	1111	74267	0
68.08000	1142	74275	0
68.12000	1123	74267	0
68.16000	1071	74263	0
68.20000	1066	74262	0
68.24000	1062	74274	0
68.28000	1070	74270	0
68.32000	1076	74267	0
68.36000	1085	74347	0
68.40000	1069	74487	0
68.44000	1053	74591	0
68.48000	1074	74641	0
68.52000	1112	74632	0
68.56000	1065	74631	0
68.60000	1116	74626	0
68.64000	1095	74611	0
68.68000	1146	74606	0
68.72000	1157	74601	0
68.76000	1139	74586	0
68.80000	1127	74579	0
68.84000	1166	74574	0
68.88000	1167	74569	0
68.92000	1210	74559	0
68.96000	1147	74562	0
69.00000	1180	74540	0
69.04000	1257	74548	0
69.08000	1250	74553	0
69.12000	1250	74548	0
69.16000	1225	74529	0
69.20000	1160	74522	0
69.24000	1092	74501	0
69.28000	1107	74501	0
69.32000	1088	74500	0
69.36000	1099	74507	0
69.40000	1039	74483	0
69.44000	1082	74481	0
69.48000	1049	74482	0
69.52000	1086	74476	0
69.56000	1085	74470	0
69.60000	1064	74464	0
69.64000	1068	74472	0
69.68000	1102	74460	0
69.72000	1047	74459	0
69.76000	1007	74419	0
69.80000	1086	74418	0
69.84000	1119	74397	0
69.88000	1065	74401	0
69.92000	1063	74385	0
69.96000	1027	74383	0
70.00000	1021	74364	0
70.04000	1022	74360	0
70.08000	1074	74367	0
70.12000	1056	74364	0
70.16000	1039	74350	0
70.20000	1087	74339	0
70.24000	1083	74328	0
70.28000	1098	74321	0
70.32000	1100	74318	0
70.36000	1087	74305	0
70.40000	1096	74297	0
70.44000	1030	74295	0
70.48000	1041	74283	0
70.52000	1076	74278	0
70.56000	1041	74286	0
70.60000	1062	74266	0
70.64000	1144	74258	0
70.68000	1026	74273	0
70.72000	1016	74264	0
70.76000	1055	74260	0
70.80000	995	74271	0
70.84000	1079	74253	0
70.88000	1074	74246	0
70.92000	1057	74248	0
70.96000	1063	74227	0
71.00000	1010	74217	0
71.04000	1038	74230	0
71.08000	1052	74219	0
71.12000	1075	74214	0
71.16000	1017	74216	0
71.20000	1006	74212	0
71.24000	1012	74192	0
71.28000	1021	74197	0
71.32000	1054	74167	0
71.36000	1044	74164	0
71.40000	1045	74180	0
71.44000	990	74180	0
71.48000	969	74173	0
71.52000	1031	74166	0
71.56000	999	74173	0
71.60000	995	74162	0
71.64000	985	74136	0
71.68000	1070	74230	0
71.72000	1041	74426	0
71.76000	992	74593	0
71.80000	988	74607	0
71.84000	1064	74602	0
71.88000	1011	74598	0
71.92000	1028	74601	0
71.96000	1035	74590	0
72.00000	977	74593	0
72.04000	1048	74592	0
72.08000	1004	74580	0
72.12000	1079	74582	0
72.16000	1031	74564	0
72.20000	1066	74572	0
72.24000	1018	74570	0
72.28000	1019	74566	0
72.32000	998	74578	0
72.36000	1017	74557	0
72.40000	963	74538	0
72.44000	1004	74510	0
72.48000	1053	74512	0
72.52000	1055	74529	0
72.56000	1074	74517	0
72.60000	1062	74504	0
72.64000	1051	74514	0
72.68000	1095	74500	0
72.72000	1047	74497	0
72.76000	1009	74474	0
72.80000	1089	74479	0
72.84000	1098	74465	0
72.88000	1031	74461	0
72.92000	1086	74451	0
72.96000	1102	74457	0
73.00000	1059	74457	0
73.04000	1078	74444	0
73.08000	1032	74443	0
73.12000	1066	74435	0
73.16000	1138	74435	0
73.20000	1098	74417	0
73.24000	1152	74417	0
73.28000	1143	74417	0
73.32000	1152	74413	0
73.36000	1106	74423	0
73.40000	1111	74425	0
73.44000	1112	74413	0
73.48000	1136	74412	0
73.52000	1081	74404	0
73.56000	1100	74408	0
73.60000	1089	74397	0
73.64000	1079	74397	0
73.68000	1146	74373	0
73.72000	1145	74380	0
73.76000	1099	74379	0
73.80000	1144	74365	0
73.84000	1113	74352	0
73.88000	1103	74374	0
73.92000	1027	74372	0
73.96000	1056	74358	0
74.00000	1122	74355	0
74.04000	1087	74351	0
74.08000	1073	74336	0
74.12000	1104	74323	0
74.16000	1138	74334	0
74.20000	1071	74323	0
74.24000	1089	74317	0
74.28000	987	74297	0
74.32000	1101	74305	0
74.36000	1034	74287	0
74.40000	1063	74293	0
74.44000	1140	74287	0
74.48000	1055	74274	0
74.52000	1042	74276	0
74.56000	1052	74268	0
74.60000	1087	74269	0
74.64000	1064	74267	0
74.68000	1086	74230	0
74.72000	1046	74243	0
74.76000	1043	74223	0
74.80000	1045	74206	0
74.84000	1033	74208	0
74.88000	1001	74198	0
74.92000	1002	74194	0
74.96000	1084	74190	0
75.00000	1012	74192	0
75.04000	1014	74191	0
75.08000	1028	74177	0
75.12000	1056	74161	0
75.16000	1051	74167	0
75.20000	1047	74156	0
75.24000	1110	74154	0
75.28000	1070	74149	0
75.32000	1062	74141	0
75.36000	1044	74132	0
75.40000	1123	74119	0
75.44000	1091	74108	0
75.48000	1106	74098	0
75.52000	1042	74075	0
75.56000	1078	74087	0
75.60000	1036	74092	0
75.64000	1092	74085	0
75.68000	1029	74062	0
75.72000	1104	74053	0
75.76000	1138	74131	0
75.80000	1090	74294	0
75.84000	1136	74472	0
75.88000	1084	74600	0
75.92000	1094	74613	0
75.96000	1126	74613	0
76.00000	1068	74600	0
76.04000	1098	74603	0
76.08000	1120	74582	0
76.12000	1094	74584	0
76.16000	1079	74577	0
76.20000	1125	74576	0
76.24000	1065	74568	0
76.28000	1072	74554	0
76.32000	1040	74567	0
76.36000	1092	74553	0
76.40000	1037	74555	0
76.44000	1008	74541	0
76.48000	1118	74542	0
76.52000	1065	74538	0
76.56000	1100	74536	0
76.60000	1077	74505	0
76.64000	1073	74504	0
76.68000	1077	74491	0
76.72000	1058	74482	0
76.76000	1068	74474	0
76.80000	1067	74477	0
76.84000	1029	74471	0
76.88000	1069	74458	0
76.92000	1045	74452	0
76.96000	1070	74453	0
77.00000	1042	74428	0
77.04000	1064	74451	0
77.08000	1050	74442	0
77.12000	1038	74449	0
77.16000	1078	74443	0
77.20000	1043	74431	0
77.24000	1041	74429	0
77.28000	1066	74413	0
77.32000	1050	74396	0
77.36000	1031	74390	0
77.40000	1093	74385	0
77.44000	1057	74384	0
77.48000	1094	74376	0
77.52000	1075	74354	0
77.56000	1081	74350	0
77.60000	1054	74384	0
77.64000	1100	74364	0
77.68000	1060	74357	0
77.72000	1047	74348	0
77.76000	1004	74342	0
77.80000	1087	74332	0
77.84000	1101	74333	0
77.88000	1077	74330	0
77.92000	1072	74307	0
77.96000	1037	74294	0
78.00000	997	74289	0
78.04000	1092	74298	0
78.08000	1038	74280	0
78.12000	1059	74275	0
78.16000	1027	74269	0
78.20000	1097	74245	0
78.24000	1045	74266	0
78.28000	1052	74249	0
78.32000	1103	74240	0
78.36000	1031	74238	0
78.40000	1074	74220	0
78.44000	1012	74214	0
78.48000	1100	74214	0
78.52000	1041	74206	0
78.56000	1085	74198	0
78.60000	1076	74207	0
78.64000	1051	74205	0
78.68000	1093	74196	0
78.72000	1130	74180	0
78.76000	1142	74181	0
78.80000	1129	74162	0
78.84000	1115	74152	0
78.88000	1158	74161	0
78.92000	1088	74146	0
78.96000	1118	74131	0
79.00000	1155	74122	0
79.04000	1131	74129	0
79.08000	1084	74115	0
79.12000	1114	74112	0
79.16000	1088	74111	0
79.20000	1139	74102	0
79.24000	1132	74097	0
79.28000	1144	74083	0
79.32000	1168	74086	0
79.36000	1131	74078	0
79.40000	1172	74069	0
79.44000	1180	74063	0
79.48000	1193	74069	0
79.52000	1240	74073	0
79.56000	1173	74059	0
79.60000	1197	74066	0
79.64000	1188	74053	0
79.68000	1217	74040	0
79.72000	1244	74055	0
79.76000	1236	74057	0
79.80000	1220	74044	0
79.84000	1201	74048	0
79.88000	1257	74042	0
79.92000	1210	74032	0
79.96000	1162	74026	0
80.00000	1174	74014	0
80.04000	1092	74008	0
80.08000	1174	73997	0
80.12000	1096	74047	0
80.16000	999	74059	0
80.20000	1075	74052	0
80.24000	1131	74036	0
80.28000	1079	74048	0
80.32000	1034	74031	0
80.36000	1069	74031	0
80.40000	1051	74025	0
80.44000	1060	74147	0
80.48000	1058	74292	0
80.52000	1061	74390	0
80.56000	1079	74418	0
80.60000	1024	74408	0
80.64000	1030	74424	0
80.68000	1029	74413	0
80.72000	1056	74419	0
80.76000	1082	74422	0
80.80000	1038	74405	0
80.84000	1075	74389	0
80.88000	1040	74389	0
80.92000	1058	74389	0
80.96000	985	74379	0
81.00000	1001	74386	0
81.04000	1099	74381	0
81.08000	1099	74388	0
81.12000	1056	74373	0
81.16000	1064	74359	0
81.20000	1044	74351	0
81.24000	1061	74331	0
81.28000	1005	74351	0
81.32000	1077	74313	0
81.36000	1056	74318	0
81.40000	1023	74319	0
81.44000	1013	74310	0
81.48000	1035	74305	0
81.52000	1068	74302	0
81.56000	1061	74295	0
81.60000	988	74294	0
81.64000	1033	74288	0
81.68000	992	74284	0
81.72000	1112	74294	0
81.76000	1038	74288	0
81.80000	1091	74280	0
81.84000	1038	74279	0
81.88000	1049	74283	0
81.92000	1107	74286	0
81.96000	1095	74270	0
82.00000	1063	74287	0
82.04000	1018	74287	0
82.08000	1024	74265	0
82.12000	1113	74253	0
82.16000	1008	74275	0
82.20000	1029	74266	0
82.24000	1029	74263	0
82.28000	986	74275	0
82.32000	1076	74258	0
82.36000	1032	74257	0
82.40000	1057	74256	0
82.44000	1031	74247	0
82.48000	1075	74245	0
82.52000	995	74245	0
82.56000	1081	74244	0
82.60000	964	74234	0
82.64000	1030	74228	0
82.68000	1061	74197	0
82.72000	1057	74195	0
82.76000	1051	74182	0
82.80000	1041	74185	0
82.84000	992	74172	0
82.88000	1097	74181	0
82.92000	1062	74174	0
82.96000	963	74162	0
83.00000	1030	74164	0
83.04000	1059	74171	0
83.08000	986	74165	0
83.12000	1044	74168	0
83.16000	1025	74157	0
83.20000	1031	74157	0
83.24000	1027	74164	0
83.28000	1061	74156	0
83.32000	1037	74151	0
83.36000	1053	74135	0
83.40000	1012	74143	0
83.44000	1059	74148	0
83.48000	1040	74145	0
83.52000	1087	74126	0
83.56000	1078	74126	0
83.60000	1020	74132	0
83.64000	1038	74115	0
83.68000	1077	74134	0
83.72000	1060	74138	0
83.76000	1028	74181	0
83.80000	1057	74282	0
83.84000	1086	74349	0
83.88000	1030	74435	0
83.92000	995	74470	0
83.96000	1018	74465	0
84.00000	1008	74465	0
84.04000	1042	74464	0
84.08000	1037	74454	0
84.12000	1063	74439	0
84.16000	1062	74432	0
84.20000	1016	74440	0
84.24000	1046	74433	0
84.28000	1033	74441	0
84.32000	1095	74423	0
84.36000	1060	74425	0
84.40000	1078	74425	0
84.44000	1009	74414	0
84.48000	985	74406	0
84.52000	1026	74414	0
84.56000	989	74394	0
84.60000	1024	74399	0
84.64000	1018	74397	0
84.68000	1069	74404	0
84.72000	970	74377	0
84.76000	1000	74384	0
84.80000	993	74388	0
84.84000	1024	74375	0
84.88000	1016	74375	0
84.92000	1071	74357	0
84.96000	1054	74358	0
85.00000	1088	74350	0
85.04000	933	74375	0
85.08000	1023	74362	0
85.12000	1047	74344	0
85.16000	1052	74345	0
85.20000	996	74339	0
85.24000	976	74293	0
85.28000	973	74274	0
85.32000	1074	74276	0
85.36000	1044	74272	0
85.40000	1026	74267	0
85.44000	1005	74273	0
85.48000	973	74266	0
85.52000	1075	74238	0
85.56000	1001	74243	0
85.60000	1031	74238	0
85.64000	1003	74227	0
85.68000	1066	74222	0
85.72000	1019	74206	0
85.76000	1050	74211	0
85.80000	1021	74203	0
85.84000	996	74194	0
85.88000	1016	74193	0
85.92000	1037	74170	0
85.96000	991	74177	0
86.00000	1003	74163	0
86.04000	1044	74156	0
86.08000	973	74152	0
86.12000	970	74134	0
86.16000	1054	74153	0
86.20000	1086	74119	0
86.24000	1034	74106	0
86.28000	1061	74094	0
86.32000	1018	74086	0
86.36000	1039	74084	0
86.40000	1074	74082	0
86.44000	1028	74073	0
86.48000	1064	74082	0
86.52000	1030	74074	0
86.56000	1054	74058	0
86.60000	1068	74051	0
86.64000	998	74039	0
86.68000	1045	74043	0
86.72000	1072	74029	0
86.76000	1061	74018	0
86.80000	1038	74008	0
86.84000	1053	74008	0
86.88000	1005	73984	0
86.92000	1031	73978	0
86.96000	1071	73966	0
87.00000	1017	74012	0
87.04000	1063	74057	0
87.08000	1045	74126	0
87.12000	1037	74192	0
87.16000	1079	74253	0
87.20000	1092	74315	0
87.24000	1114	74321	0
87.28000	1094	74299	0
87.32000	1124	74312	0
87.36000	1074	74292	0
87.40000	1112	74288	0
87.44000	1083	74289	0
87.48000	1065	74262	0
87.52000	1042	74260	0
87.56000	1104	74253	0
87.60000	1146	74238	0
87.64000	1111	74230	0
87.68000	1156	74221	0
87.72000	1119	74222	0
87.76000	1032	74218	0
87.80000	1100	74213	0
87.84000	1109	74197	0
87.88000	1053	74190	0
87.92000	1064	74178	0
87.96000	1093	74163	0
88.00000	1102	74171	0
88.04000	1051	74175	0
88.08000	1087	74167	0
88.12000	991	74172	0
88.16000	1069	74164	0
88.20000	1066	74144	0
88.24000	1039	74142	0
88.28000	1038	74144	0
88.32000	1083	74125	0
88.36000	990	74120	0
88.40000	1050	74131	0
88.44000	1033	74098	0
88.48000	1016	74087	0
88.52000	1176	74087	0
88.56000	1104	74093	0
88.60000	1098	74087	0
88.64000	1106	74052	0
88.68000	1091	74055	0
88.72000	1121	74050	0
88.76000	1112	74034	0
88.80000	1176	74041	0
88.84000	1118	74043	0
88.88000	1089	74034	0
88.92000	1103	74031	0
88.96000	1103	74031	0
89.00000	1160	74030	0
89.04000	1078	74034	0
89.08000	1071	74028	0
89.12000	1101	74028	0
89.16000	1013	74019	0
89.20000	1111	74006	0
89.24000	1094	74011	0
89.28000	1096	74005	0
89.32000	1057	73997	0
89.36000	1062	73995	0
89.40000	1149	73990	0
89.44000	1065	73981	0
89.48000	1109	73981	0
89.52000	1086	73979	0
89.56000	1057	73970	0
89.60000	1089	73959	0
89.64000	1130	73959	0
89.68000	1130	73954	0
89.72000	1088	73945	0
89.76000	1099	73941	0
89.80000	1126	73931	0
89.84000	1114	73916	0
89.88000	1128	73924	0
89.92000	1086	73921	0
89.96000	1115	73915	0
90.00000	1096	73912	0
90.04000	1069	73897	0
90.08000	1074	73885	0
90.12000	1101	73888	0
90.16000	1069	73892	0
90.20000	1064	73886	0
90.24000	1039	73988	0
90.28000	1054	74084	0
90.32000	1030	74173	0
90.36000	1118	74296	0
90.40000	1015	74328	0
90.44000	1089	74338	0
90.48000	1054	74331	0
90.52000	1006	74323	0
90.56000	1110	74297	0
90.60000	1059	74318	0
90.64000	1049	74307	0
90.68000	1097	74308	0
90.72000	1060	74294	0
90.76000	1027	74284	0
90.80000	1021	74287	0
90.84000	1016	74293	0
90.88000	1007	74273	0
90.92000	1034	74264	0
90.96000	1109	74278	0
91.00000	1040	74267	0
91.04000	1039	74261	0
91.08000	1046	74256	0
91.12000	1067	74252	0
91.16000	1039	74242	0
91.20000	1012	74251	0
91.24000	1040	74253	0
91.28000	1028	74257	0
91.32000	1008	74251	0
91.36000	1031	74260	0
91.40000	1077	74254	0
91.44000	1034	74249	0
91.48000	1030	74250	0
91.52000	1081	74239	0
91.56000	1080	74226	0
91.60000	1017	74230	0
91.64000	1056	74228	0
91.68000	1068	74222	0
91.72000	1055	74210	0
91.76000	1062	74217	0
91.80000	1104	74220	0
91.84000	1081	74208	0
91.88000	1121	74208	0
91.92000	1094	74221	0
91.96000	1096	74225	0
92.00000	1072	74200	0
92.04000	1161	74199	0
92.08000	1103	74203	0
92.12000	1103	74191	0
92.16000	1088	74198	0
92.20000	1111	74190	0
92.24000	1117	74177	0
92.28000	1073	74184	0
92.32000	1079	74168	0
92.36000	1054	74161	0
92.40000	1139	74160	0
92.44000	1071	74145	0
92.48000	1131	74145	0
92.52000	1061	74141	0
92.56000	1009	74141	0
92.60000	1160	74145	0
92.64000	1087	74153	0
92.68000	1071	74125	0
92.72000	1031	74141	0
92.76000	1061	74105	0
92.80000	1106	74110	0
92.84000	1103	74112	0
92.88000	1063	74111	0
92.92000	1087	74067	0
92.96000	1029	74047	0
93.00000	924	74058	0
93.04000	1053	74044	0
93.08000	998	74046	0
93.12000	1035	74039	0
93.16000	1024	74041	0
93.20000	1046	74036	0
93.24000	1032	74052	0
93.28000	1005	74033	0
93.32000	1082	74112	0
93.36000	1062	74243	0
93.40000	998	74343	0
93.44000	1020	74419	0
93.48000	1071	74427	0
93.52000	974	74438	0
93.56000	1076	74435	0
93.60000	1080	74430	0
93.64000	1058	74444	0
93.68000	1031	74431	0
93.72000	973	74436	0
93.76000	1044	74423	0
93.80000	1037	74397	0
93.84000	1052	74405	0
93.88000	1035	74404	0
93.92000	993	74411	0
93.96000	1039	74385	0
94.00000	985	74397	0
94.04000	1008	74361	0
94.08000	1071	74367	0
94.12000	1021	74370	0
94.16000	1091	74386	0
94.20000	1036	74364	0
94.24000	1020	74343	0
94.28000	1058	74356	0
94.32000	1074	74329	0
94.36000	1036	74316	0
94.40000	1020	74299	0
94.44000	991	74320	0
94.48000	1030	74303	0
94.52000	1046	74294	0
94.56000	995	74275	0
94.60000	1050	74280	0
94.64000	1008	74280	0
94.68000	1029	74283	0
94.72000	1021	74269	0
94.76000	1025	74263	0
94.80000	1023	74261	0
94.84000	1051	74272	0
94.88000	1025	74246	0
94.92000	1018	74246	0
94.96000	1035	74228	0
95.00000	1032	74238	0
95.04000	1009	74231	0
95.08000	1037	74216	0
95.12000	1045	74229	0
95.16000	1079	74235	0
95.20000	1043	74220	0
95.24000	1103	74199	0
95.28000	1084	74182	0
95.32000	1084	74174	0
95.36000	1096	74188	0
95.40000	1141	74163	0
95.44000	1195	74156	0
95.48000	1150	74156	0
95.52000	1128	74155	0
95.56000	1176	74160	0
95.60000	1117	74146	0
95.64000	1164	74145	0
95.68000	1174	74125	0
95.72000	1140	74116	0
95.76000	1103	74110	0
95.80000	1039	74106	0
95.84000	1117	74075	0
95.88000	1051	74067	0
95.92000	1026	74076	0
95.96000	997	74066	0
96.00000	1054	74052	0
96.04000	1063	74048	0
96.08000	1113	74035	0
96.12000	1001	74041	0
96.16000	1023	74020	0
96.20000	1083	74005	0
96.24000	1079	74006	0
96.28000	1040	73996	0
96.32000	1066	73980	0
96.36000	1061	73980	0
96.40000	1067	73962	0
96.44000	1024	73934	0
96.48000	1054	73946	0
96.52000	1032	73929	0
96.56000	1032	73920	0
96.60000	1028	73903	0
96.64000	1037	73911	0
96.68000	1009	73906	0
96.72000	955	73891	0
96.76000	1023	73883	0
96.80000	1033	73880	0
96.84000	973	73863	0
96.88000	1001	73846	0
96.92000	1011	73836	0
96.96000	1002	73879	0
97.00000	1033	73918	0
97.04000	1030	73978	0
97.08000	1012	74026	0
97.12000	1011	74092	0
97.16000	1046	74141	0
97.20000	1084	74192	0
97.24000	1039	74198	0
97.28000	1043	74190	0
97.32000	1043	74191	0
97.36000	1010	74190	0
97.40000	1076	74182	0
97.44000	1007	74191	0
97.48000	1064	74187	0
97.52000	1028	74196	0
97.56000	1054	74176	0
97.60000	1049	74167	0
97.64000	1044	74178	0
97.68000	1043	74164	0
97.72000	1080	74167	0
97.76000	992	74160	0
97.80000	1063	74156	0
97.84000	1132	74136	0
97.88000	1067	74142	0
97.92000	1067	74133	0
97.96000	1040	74136	0
98.00000	1056	74140	0
98.04000	1011	74133	0
98.08000	1103	74181	0
98.12000	1053	74173	0
98.16000	1045	74167	0
98.20000	1085	74160	0
98.24000	990	74162	0
98.28000	1044	74166	0
98.32000	1002	74147	0
98.36000	1058	74135	0
98.40000	960	74128	0
98.44000	1056	74114	0
98.48000	1065	74132	0
98.52000	1052	74134	0
98.56000	1049	74126	0
98.60000	1044	74117	0
98.64000	1058	74121	0
98.68000	1060	74103	0
98.72000	1069	74084	0
98.76000	1027	74078	0
98.80000	1013	74088	0
98.84000	1078	74060	0
98.88000	933	74050	0
98.92000	958	74058	0
98.96000	1063	74060	0
99.00000	1014	74034	0
99.04000	984	74040	0
99.08000	1008	74031	0
99.12000	1089	74038	0
99.16000	988	74035	0
99.20000	984	74026	0
99.24000	1034	74024	0
99.28000	1028	74022	0
99.32000	1061	74028	0
99.36000	1010	74004	0
99.40000	965	74021	0
99.44000	993	74011	0
99.48000	999	74012	0
99.52000	1002	74023	0
99.56000	1068	74013	0
99.60000	1040	74017	0
99.64000	1058	74020	0
99.68000	991	74040	0
99.72000	1026	74026	0
99.76000	1076	74019	0
99.80000	1034	74021	0
99.84000	1053	74026	0
99.88000	1044	74035	0
99.92000	1012	74025	0
99.96000	1043	74006	0
100.00000	1109	74028	0
